3.625362737617330822e+03 2.585008708667783139e+02 3.883863608484109136e+03
2.442403688317360502e+04 1.538947271685785267e+02 2.457793161034218429e+04
5.917327841769261431e+04 2.469602186965328769e+02 5.942023863638914918e+04
3.554773223570917617e+04 1.860050485263833480e+02 3.573373728423556167e+04
9.470867265490755017e+03 2.436608922168468041e+02 9.714528157707602077e+03
3.161323612957280147e+03 2.932329061694845223e+02 3.454556519126764670e+03
1.373027607150862877e+03 3.158521221741255545e+02 1.688879729324988375e+03
7.116223437332698722e+02 3.029666763350613223e+02 1.014589020068331138e+03
4.542710972054122180e+02 2.162543235428220214e+02 6.705254207482341826e+02
3.526606561610898325e+02 1.880955911713875253e+02 5.407562473324774146e+02
3.043475905440741940e+02 1.799318207455317804e+02 4.842794112896059460e+02
2.717882752077533723e+02 1.795327695897083231e+02 4.513210447974616955e+02
2.468882303540892167e+02 1.841822628150467551e+02 4.310704931691359434e+02
2.287630383314811411e+02 1.919689800204145911e+02 4.207320183518957037e+02
2.151640046086781126e+02 2.032727269192935466e+02 4.184367315279716877e+02
2.048895186779610356e+02 2.163717540495343599e+02 4.212612727274953954e+02
1.964399107472536627e+02 2.303934201111962636e+02 4.268333308584499264e+02
1.896059688313591209e+02 2.441008689303159827e+02 4.337068377616751036e+02
1.840717837160568990e+02 2.560148440203106475e+02 4.400866277363675181e+02
1.799105468738694924e+02 2.624504003155195164e+02 4.423609471893889804e+02
1.782381815247500754e+02 2.508101977320093852e+02 4.290483792567594605e+02
1.773262836853311626e+02 1.724064994741849546e+02 3.497327831595160887e+02
1.692320668173288709e+02 1.305977624449095060e+02 2.998298292622383769e+02
1.554197758773035218e+02 1.071456282746275690e+02 2.625654041519310908e+02
1.397944506378227345e+02 9.358998762575626529e+01 2.333844382635789998e+02
1.242906656906344693e+02 8.583490576875921363e+01 2.101255714593936830e+02
1.097564005887345644e+02 8.167328173396298041e+01 1.914296823226975448e+02
9.654413994125984289e+01 7.986019969820353026e+01 1.764043396394633874e+02
8.476222633686930408e+01 7.962371777832497344e+01 1.643859441151942633e+02
7.439423770508919631e+01 8.045177560856707544e+01 1.548460133136562717e+02
6.535486269574622042e+01 8.198801468311683038e+01 1.473428773788630508e+02
5.752296697106521606e+01 8.397723856028035527e+01 1.415002055313455571e+02
5.076295618557171707e+01 8.623435585711072804e+01 1.369973120426824380e+02
4.493847957396435078e+01 8.862504041151156287e+01 1.335635199854759207e+02
3.992065336447670632e+01 9.105268004126401138e+01 1.309733334057407319e+02
3.559242535566425403e+01 9.344962868249210430e+01 1.290420540381563512e+02
3.184897823241775328e+01 9.575132536991235099e+01 1.276003036023301007e+02
2.860857746267289414e+01 9.795288451683701680e+01 1.265614619795099145e+02
2.578503639374863354e+01 1.000323390505846533e+02 1.258173754443332939e+02
2.331505959895183366e+01 1.019774016084505490e+02 1.252924612074023827e+02
2.114502164738115297e+01 1.037827928719095496e+02 1.249278145192907061e+02
1.922979115672370298e+01 1.054482282972264784e+02 1.246780194539501849e+02
1.753158501497735244e+01 1.069774857203818499e+02 1.245090707353592023e+02
1.601791531443040384e+01 1.083746115379761790e+02 1.243925268524065757e+02
1.466484485031983276e+01 1.096475428235153657e+02 1.243123876738352038e+02
1.344895819886967914e+01 1.108040701786445226e+02 1.242530283775141982e+02
1.235198926708835465e+01 1.118529822016888602e+02 1.242049714687772166e+02
1.135802604324277532e+01 1.128010668873456694e+02 1.241590929305884430e+02
1.045598876037846381e+01 1.136574073799965277e+02 1.241133961403749879e+02
9.634062608969683694e+00 1.144297850634632994e+02 1.240638476724329848e+02
8.883102907876040177e+00 1.151255907973392851e+02 1.240086937052153218e+02
8.195416735952758103e+00 1.157522991625733084e+02 1.239477158985260701e+02
7.563991521175741362e+00 1.163150615346609982e+02 1.238790530558367351e+02
6.984158527704337871e+00 1.168207226307307707e+02 1.238048811584351085e+02
6.450436855702181838e+00 1.172747586973351304e+02 1.237251955530373095e+02
5.958475314923345145e+00 1.176826938680947023e+02 1.236411691830180501e+02
5.504284787173518545e+00 1.180478678895319433e+02 1.235521526767054610e+02
5.085192560240603399e+00 1.183752770335259328e+02 1.234604695937665326e+02
4.697989961267640346e+00 1.186686901332117401e+02 1.233666800944793778e+02
4.339974816548465064e+00 1.189319958709363334e+02 1.232719706874847958e+02
4.008644497188694089e+00 1.191671298752434183e+02 1.231757743724321159e+02
3.702291768906115443e+00 1.193776586730583489e+02 1.230799504419644705e+02
3.418881392924331575e+00 1.195665643392394344e+02 1.229854457321637682e+02
3.156427088201023246e+00 1.197349301010287803e+02 1.228913571892298080e+02
2.913658208039743069e+00 1.198855774477380436e+02 1.227992356557777924e+02
2.689067147942082237e+00 1.200203234617168704e+02 1.227093906096589535e+02
2.481220260296111313e+00 1.201412388385933809e+02 1.226224590988894931e+02
2.288792820402921091e+00 1.202487303195415080e+02 1.225375231399444260e+02
2.110862598167764226e+00 1.203448365779075004e+02 1.224556991760752709e+02
1.946380911453603701e+00 1.204307331299327330e+02 1.223771140413863350e+02
1.794285834312568495e+00 1.205074794007188785e+02 1.223017652350314535e+02
1.653680965151209881e+00 1.205760294323903281e+02 1.222297103975415382e+02
1.523742032439995508e+00 1.206372414089315299e+02 1.221609834413715276e+02
1.403700820469622856e+00 1.206918865182391727e+02 1.220955873387087962e+02
1.292841324868611919e+00 1.207406571835421545e+02 1.220334985084107728e+02
1.190496539817107235e+00 1.207841746589990493e+02 1.219746711988161536e+02
1.096045302893610796e+00 1.208229959987425559e+02 1.219190413016361703e+02
1.008909264769496161e+00 1.208576204222660238e+02 1.218665296870355235e+02
9.285500280709381160e-01 1.208884951076594945e+02 1.218170451357304387e+02
8.544664705404823035e-01 1.209160204490301709e+02 1.217704869195706578e+02
7.861922517096398000e-01 1.209405548166342186e+02 1.217267470683438546e+02
7.232934944627580354e-01 1.209624188586396514e+02 1.216857123531024030e+02
6.653666295431229782e-01 1.209819967590086378e+02 1.216473633885517671e+02
6.120007024477132074e-01 1.209993019592180445e+02 1.216113026616657606e+02
5.629004120368849007e-01 1.210147261492819126e+02 1.215776265613187945e+02
5.177610680026444312e-01 1.210284693038736918e+02 1.215462303718763337e+02
4.762419333737668015e-01 1.210407107899403201e+02 1.215169527233140911e+02
4.380586029925890856e-01 1.210516114934297178e+02 1.214896700964223015e+02
4.029540578802451867e-01 1.210613840763361253e+02 1.214643381342163764e+02
3.706761449450693968e-01 1.210699861590381374e+02 1.214406623039832027e+02
3.410035436264778896e-01 1.210776486546295132e+02 1.214186521982559981e+02
3.137791381201235907e-01 1.210844711847019681e+02 1.213982503228220935e+02
2.887797382109824063e-01 1.210905433992780189e+02 1.213793231374889956e+02
2.658200064169586874e-01 1.210959458317408064e+02 1.213617658381577655e+02
2.447371175416416522e-01 1.211007507668511920e+02 1.213454878843928384e+02
2.253810724826246781e-01 1.211050600309503267e+02 1.213304411034329462e+02
2.075642783352975029e-01 1.211088336085117021e+02 1.213163978868469997e+02
1.912719843239674977e-01 1.211121942833898260e+02 1.213034662677137874e+02
1.763272043862008365e-01 1.211151851257683774e+02 1.212915123301545748e+02
1.626076355074909385e-01 1.211178451128852345e+02 1.212804527483927188e+02
