1.034536273761733173e+04 1.334805663677787379e+04 2.369341937439520552e+04
9.695222187550328672e+05 2.047987107185234709e+04 9.900020898268852616e+05
7.391764083333270391e+05 2.456103017361040838e+04 7.637374385069374694e+05
5.450365022832237883e+05 2.744998825024374310e+04 5.724864905334674986e+05
4.366050538390488946e+05 2.902884297136411260e+04 4.656338968104129890e+05
3.697393634935453883e+05 2.937948106724851823e+04 3.991188445607938920e+05
3.235693938423147774e+05 2.875840631766131992e+04 3.523278001599761192e+05
2.883111610061798128e+05 2.747725912230647737e+04 3.157884201284862938e+05
2.590179563052524754e+05 2.582830404787506268e+04 2.848462603531275527e+05
2.331519321041293442e+05 2.404651061690007919e+04 2.571984427210294234e+05
2.094731372841623379e+05 2.229859255694549574e+04 2.317717298411078227e+05
1.874495957678297127e+05 2.068870280023168380e+04 2.081382985680614074e+05
1.669159844318097748e+05 1.927174668901644691e+04 1.861877311208262108e+05
1.478721099377393839e+05 1.806805340423849339e+04 1.659401633419778664e+05
1.303682912302874174e+05 1.707605191319996084e+04 1.474443431434873783e+05
1.144461379231454048e+05 1.628177737306325253e+04 1.307279152962086519e+05
1.001135208164747455e+05 1.566529625941907580e+04 1.157788170758938213e+05
8.733915461335725558e+04 1.520467385501633726e+04 1.025438284683735983e+05
7.605715702320622222e+04 1.487820506981785547e+04 9.093536209302407224e+04
6.617564112063583161e+04 1.466552504926638176e+04 8.084116616990220791e+04
5.758598930115345865e+04 1.454805412358955255e+04 7.213404342474300938e+04
5.017113941864990920e+04 1.450908143770463539e+04 6.468022085635454278e+04
4.381222090343029413e+04 1.453367617537305523e+04 5.834589707880334754e+04
3.839343145782474312e+04 1.460853548233322908e+04 5.300196694015797402e+04
3.380531649943094817e+04 1.472182680890919255e+04 4.852714330834014254e+04
2.994672351390723998e+04 1.486305111053398468e+04 4.480977462444122648e+04
2.672572703322259622e+04 1.502293528819699168e+04 4.174866232141958608e+04
2.405980088225581494e+04 1.519335249689938792e+04 3.925315337915520649e+04
2.187547671239596457e+04 1.536726424728578058e+04 3.724274095968174515e+04
2.010768429769908471e+04 1.553867652871260543e+04 3.564636082641169196e+04
1.869892600615745323e+04 1.570260223785731432e+04 3.440152824401477119e+04
1.759839841658846854e+04 1.585502324009919539e+04 3.345342165668766393e+04
1.676113968838438086e+04 1.599284694373642378e+04 3.275398663212080282e+04
1.614725256930825162e+04 1.611385401860771162e+04 3.226110658791596506e+04
1.572122989645619600e+04 1.621663562816407466e+04 3.193786552462026884e+04
1.545139183955332737e+04 1.630052011803999085e+04 3.175191195759331822e+04
1.530943147612639768e+04 1.636549041229353497e+04 3.167492188841993266e+04
1.527005695984339582e+04 1.641209434850635080e+04 3.168215130834974843e+04
1.531071385087932867e+04 1.644135080932007622e+04 3.175206466019940490e+04
1.541136939214798076e+04 1.645465478830728534e+04 3.186602418045526429e+04
1.555434091780124982e+04 1.645368449779451839e+04 3.200802541559576639e+04
1.572415249466739078e+04 1.644031334167928435e+04 3.216446583634667331e+04
1.590740672015658311e+04 1.641652910624776632e+04 3.232393582640434761e+04
1.609266182250285055e+04 1.638436213933492400e+04 3.247702396183777455e+04
1.627030742860038663e+04 1.634582366199431635e+04 3.261613109059470298e+04
1.643243528932212575e+04 1.630285474653302299e+04 3.273529003585514874e+04
1.657270369619203848e+04 1.625728594609717220e+04 3.282998964228921250e+04
1.668619619502815840e+04 1.621080710454242399e+04 3.289700329957058420e+04
1.676927648747523926e+04 1.616494652688875613e+04 3.293422301436399721e+04
1.681944215379586967e+04 1.612105845314357612e+04 3.294050060693944397e+04
1.683518011143543117e+04 1.608031764458671569e+04 3.291549775602214504e+04
1.681582664483644476e+04 1.604371984778620572e+04 3.285954649262264866e+04
1.676143450836465490e+04 1.601208692995014462e+04 3.277352143831479771e+04
1.667264911477211717e+04 1.598607556085435135e+04 3.265872467562646852e+04
1.655059526086922051e+04 1.596618843351278338e+04 3.251678369438200389e+04
1.639677527655393351e+04 1.595278715214997646e+04 3.234956242870390997e+04
1.621297896081553336e+04 1.594610605896634297e+04 3.215908501978187633e+04
1.600120521903289955e+04 1.594626641086184827e+04 3.194747162989474600e+04
1.576359495521014469e+04 1.595329044688466820e+04 3.171688540209481289e+04
1.550237450440408065e+04 1.596711500250758399e+04 3.146948950691166465e+04
1.521980870982898523e+04 1.598760442584779594e+04 3.120741313567678299e+04
1.491816264590142418e+04 1.601456263320704966e+04 3.093272527910847566e+04
1.459967094990878468e+04 1.604774420752988772e+04 3.064741515743867058e+04
1.426651373719198455e+04 1.608686449501681091e+04 3.035337823220879363e+04
1.392079812437745750e+04 1.613160869402618846e+04 3.005240681840364414e+04
1.356454446020845717e+04 1.618163995855701796e+04 2.974618441876547513e+04
1.319967645369021193e+04 1.623660655799106644e+04 2.943628301168127655e+04
1.282801448632777647e+04 1.629614814720401773e+04 2.912416263353179238e+04
1.245127149285975975e+04 1.635990120825547456e+04 2.881117270111523248e+04
1.207105088853701091e+04 1.642750372799961406e+04 2.849855461653662496e+04
1.168884610758223062e+04 1.649859917626373135e+04 2.818744528384596197e+04
1.130604139519694218e+04 1.657283984762705950e+04 2.787888124282400167e+04
1.092391356349903617e+04 1.664988962699353215e+04 2.757380319049256650e+04
1.054363447995096794e+04 1.672942623562990775e+04 2.727306071558087569e+04
1.016627410557212534e+04 1.681114301050345966e+04 2.697741711607558682e+04
9.792803940235127811e+03 1.689475026587687898e+04 2.668755420611200680e+04
9.424100764556147624e+03 1.697997628236121091e+04 2.640407704691735853e+04
9.060950593315288643e+03 1.706656796510286586e+04 2.612751855841815268e+04
8.704052775022211790e+03 1.715429120952477024e+04 2.585834398454698385e+04
8.354024187156703192e+03 1.724293461318120899e+04 2.559695880033791036e+04
8.011403470827397541e+03 1.733229420654918431e+04 2.534369767737658185e+04
7.676894143275363604e+03 1.742275762235247385e+04 2.509965176562783745e+04
7.351115588549370841e+03 1.751484829984340104e+04 2.486596388839277279e+04
7.034515632855224794e+03 1.760890100837669524e+04 2.464341664123192095e+04
6.727278342487120426e+03 1.770478945849293814e+04 2.443206780098005765e+04
6.429534477200953006e+03 1.780238032033791751e+04 2.423191479753886961e+04
6.141367240972595937e+03 1.790159996738411428e+04 2.404296720835670931e+04
5.862816216828710822e+03 1.800238527686573070e+04 2.386520149369443970e+04
5.593881159899889099e+03 1.810481245509714790e+04 2.369869361499703518e+04
5.334526484562213227e+03 1.820855211653225706e+04 2.354307860109447211e+04
5.084683430318950741e+03 1.831372584082718095e+04 2.339840927114613078e+04
4.844253952113806008e+03 1.842030300584988436e+04 2.326455695796369037e+04
4.613114966140362412e+03 1.852825912543492814e+04 2.314137409157528964e+04
4.391120849778083539e+03 1.863757499913806168e+04 2.302869584891614431e+04
4.178106321465908877e+03 1.874823590772196621e+04 2.292634222918787418e+04
3.973889130666696474e+03 1.886023085541453838e+04 2.283411998608123395e+04
3.778272558441550245e+03 1.897355186288072582e+04 2.275182442132227516e+04
3.591047732451969750e+03 1.908819331368475832e+04 2.267924104613672898e+04
3.411995761226799914e+03 1.920415135595211541e+04 2.261614711717891623e+04
3.240889693432797230e+03 1.932142335999134593e+04 2.256231305342414271e+04
