3.530274737617330629e+03 5.073383922642441490e+01 3.581008576843755236e+03
4.090223508229891195e+03 2.523922608950986302e+01 4.115462734319400624e+03
1.351836488581512413e+03 1.674688344558022024e+01 1.368583372027092537e+03
6.447439071637641064e+02 1.071796859897178322e+01 6.554618757627358718e+02
4.207883794816533509e+02 9.190126876553186719e+00 4.299785063582065163e+02
3.158402067886687519e+02 8.439462503207131761e+00 3.242796692918759049e+02
2.694297355949664734e+02 8.029285281951588971e+00 2.774590208769180890e+02
2.471200159267445713e+02 7.822808233045606130e+00 2.549428241597901774e+02
2.344959132018001924e+02 8.640882162848516401e+00 2.431367953646487194e+02
2.248447536058197329e+02 9.783150827029217567e+00 2.346279044328489363e+02
2.148158901387669459e+02 1.064332367771944376e+01 2.254592138164863968e+02
2.038092967447570061e+02 1.119115513172454612e+01 2.150004518764815487e+02
1.916787569550904209e+02 1.150360531813807619e+01 2.031823622732285060e+02
1.785567219815556257e+02 1.144388001144821487e+01 1.900006019930038406e+02
1.648672948265892160e+02 1.062602005079648038e+01 1.754933148773856999e+02
1.512304703110046091e+02 1.032221206311371908e+01 1.615526823741183193e+02
1.377144333197300909e+02 1.013518576392141668e+01 1.478496190836515041e+02
1.246325198158124863e+02 9.983130388443491654e+00 1.346156502042559850e+02
1.121966419121078644e+02 1.005956957510960237e+01 1.222562114872174703e+02
1.006121513605680207e+02 1.077045749245376705e+01 1.113826088530217930e+02
9.033417158101158861e+01 1.160182288053358057e+01 1.019359944615451639e+02
8.206679081969923573e+01 8.606017685641058179e+00 9.067280850534029923e+01
7.376523426860872235e+01 5.066733927670193260e+00 7.883196819627892182e+01
6.355618750985972554e+01 3.717961851927179762e+00 6.727414936178691107e+01
5.327995789550949013e+01 3.169118100531295834e+00 5.644907599604078285e+01
4.393762914189029800e+01 2.973207231564317432e+00 4.691083637345461455e+01
3.588938549925177313e+01 2.956076592769960154e+00 3.884546209202173372e+01
2.915944779534522979e+01 3.040704862430256838e+00 3.220015265777549018e+01
2.363202113209514366e+01 3.184248090493173589e+00 2.681626922258831769e+01
1.914239761925147931e+01 3.359547117873841859e+00 2.250194473712532073e+01
1.552065079759746169e+01 3.548672319105889095e+00 1.906932311670335167e+01
1.261069765623388150e+01 3.739815629622413429e+00 1.635051328585629449e+01
1.027721483157209192e+01 3.925421808835776627e+00 1.420263664040786900e+01
8.406689067593486442e+00 4.100905802919625920e+00 1.250759487051311325e+01
6.905851024685349060e+00 4.263732631596927725e+00 1.116958365628227767e+01
5.699126409602512489e+00 4.412755817710750428e+00 1.011188222731326292e+01
4.725889736786415440e+00 4.547746928760345142e+00 9.273636665546760582e+00
3.937873153770397483e+00 4.669065361684100246e+00 8.606938515454498173e+00
3.296869179531145999e+00 4.777429321074505353e+00 8.074298500605651796e+00
2.772764446666356353e+00 4.873758745734027009e+00 7.646523192400383806e+00
2.341895037904051069e+00 4.959068895148913469e+00 7.300963933052964094e+00
1.985694148265880754e+00 5.034399426627781615e+00 7.020093574893662591e+00
1.689595624369363946e+00 5.100768286373786431e+00 6.790363910743150377e+00
1.442155804635075089e+00 5.159142929849962478e+00 6.601298734485038011e+00
1.234357890409031100e+00 5.210423611555449419e+00 6.444781501964480519e+00
1.059066311915493719e+00 5.255435023816331430e+00 6.314501335731825371e+00
9.106024302007558191e-01 5.294923632919346090e+00 6.205526063120101909e+00
7.844169819820753231e-01 5.329558811134011975e+00 6.113975793116087409e+00
6.768386408156500389e-01 5.359936398103043231e+00 6.036775038918693603e+00
5.848817499224976402e-01 5.386583712769914101e+00 5.971465462692411741e+00
5.060995686447318231e-01 5.409965321776614822e+00 5.916064890421346867e+00
4.384722133251712228e-01 5.430489081129779017e+00 5.868961294454949851e+00
3.803208563263915654e-01 5.448512124334306428e+00 5.828832980660697771e+00
3.302416973152951241e-01 5.464346585619955121e+00 5.794588282935250412e+00
2.870547819328674866e-01 5.478264931100511603e+00 5.765319713033378868e+00
2.497639675704650120e-01 5.490504831050759371e+00 5.740268798621224633e+00
2.175252797329740306e-01 5.501273548645831291e+00 5.718798828378805155e+00
1.896216184257108195e-01 5.510751848945954379e+00 5.700373467371664837e+00
1.654423097062211745e-01 5.519097450148910511e+00 5.684539759855131713e+00
1.444663936659238979e-01 5.526448049937012108e+00 5.670914443602936394e+00
1.262488301731118367e-01 5.532923965260293286e+00 5.659172795433405234e+00
1.104090145226705039e-01 5.538630425762675280e+00 5.649039440285346103e+00
9.662114759029372113e-02 5.543659560503632733e+00 5.640280708093926343e+00
8.460611510860056861e-02 5.548092115559090765e+00 5.632698230667691597e+00
7.412461018333058038e-02 5.551998937150900204e+00 5.626123547334231034e+00
6.497129091137884838e-02 5.555442251607744630e+00 5.620413542519123062e+00
5.696980729574657037e-02 5.558476770007262147e+00 5.615446577303008446e+00
4.996856311207831941e-02 5.561150641986743359e+00 5.611119205098821894e+00
4.383710217148382993e-02 5.563506280056911280e+00 5.607343382228394901e+00
3.846302678476046927e-02 5.565581072874270951e+00 5.604044099659031275e+00
3.374937071655458032e-02 5.567408003348873535e+00 5.601157374065428129e+00
2.961236059386935376e-02 5.569016185188769619e+00 5.598628545782639243e+00
2.597950933581895383e-02 5.570431329496716266e+00 5.596410838832535539e+00
2.278799320492700189e-02 5.571676151317364933e+00 5.594464144522292237e+00
1.998327089301562068e-02 5.572770724558330002e+00 5.592753995451345439e+00
1.751790889056995676e-02 5.573732792448642392e+00 5.591250701339212092e+00
1.535058242148633692e-02 5.574578039626625348e+00 5.589928622048111251e+00
1.344522558316565974e-02 5.575320331040780175e+00 5.588765556623945585e+00
1.177030811228176044e-02 5.575971922078883480e+00 5.587742230191165227e+00
1.029821947612210610e-02 5.576543643691608487e+00 5.586841863167730793e+00
9.004743831205995475e-03 5.577045065729514306e+00 5.586049809560720725e+00
7.868611848338204554e-03 5.577484641250512354e+00 5.585353253098850779e+00
6.871117522689295862e-03 5.577869834165291252e+00 5.584740951687980903e+00
5.995789909832000171e-03 5.578207232259232207e+00 5.584203022169064390e+00
5.228111290395602226e-03 5.578502647351301746e+00 5.583730758641697101e+00
4.555274599836987154e-03 5.578761204114799810e+00 5.583316478714636766e+00
3.965974095101904365e-03 5.578987418884989502e+00 5.582953392980090968e+00
3.450224192933802180e-03 5.579185269608539777e+00 5.582635493801473281e+00
2.999202228714362411e-03 5.579358257944492472e+00 5.582357460173207109e+00
2.605111570809670596e-03 5.579509464402243601e+00 5.582114575973053050e+00
2.261062101840178966e-03 5.579641597295235123e+00 5.581902659397075084e+00
1.960965561256964793e-03 5.579757036196972386e+00 5.581718001758229519e+00
1.699443647216853379e-03 5.579857870506296891e+00 5.581557314153513971e+00
1.471747112279827609e-03 5.579945933659652191e+00 5.581417680771932233e+00
1.273684367514270940e-03 5.580022833467586096e+00 5.581296517835100168e+00
1.101558342307155372e-03 5.580089978999961176e+00 5.581191537342268028e+00
9.521105403361552035e-04 5.580148604397821899e+00 5.581100714938157736e+00
8.224713924015689950e-04 5.580199789948863121e+00 5.581022261341265001e+00
7.101161397516441787e-04 5.580244480727303724e+00 5.580954596867055528e+00
6.128255918955547062e-04 5.580283503066683082e+00 5.580896328658578653e+00
