3.642162737617331004e+03 2.126911832093627766e+02 3.854853920826693866e+03
1.700898706973832668e+04 2.082574062649385951e+02 1.721724447600326675e+04
5.728286332004343421e+04 2.866178544276950220e+02 5.756948117447112600e+04
3.408875052551738918e+04 2.328210092188354281e+02 3.432157153473622748e+04
1.139748643017843460e+04 3.204327173257620984e+02 1.171791914750419710e+04
5.831845400385270295e+03 3.603632886492842431e+02 6.192208689034554482e+03
3.625913192579924726e+03 3.221380684683958862e+02 3.948051261048320612e+03
2.235464518137172490e+03 2.741471229713468460e+02 2.509611641108519507e+03
1.348152761860504370e+03 2.518867637440751821e+02 1.600039525604579467e+03
8.184753316861775829e+02 2.426654522389777355e+02 1.061140783925155347e+03
5.244761536110687530e+02 2.397574183541585171e+02 7.642335719652272701e+02
3.696362815307281835e+02 2.399786653612898704e+02 6.096149468920179970e+02
2.909875007050022191e+02 2.416561464199790237e+02 5.326436471249812712e+02
2.516831867782917129e+02 2.440143522462642522e+02 4.956975390245559652e+02
2.316771810261168696e+02 2.465934594637809880e+02 4.782706404898978576e+02
2.207079899920075263e+02 2.555909563336094550e+02 4.762989463256169529e+02
2.148306101930743353e+02 2.667205900484202061e+02 4.815512002414945414e+02
2.125626234190501407e+02 2.737182459502242295e+02 4.862808693692743418e+02
2.120972133568347147e+02 2.446318529471446936e+02 4.567290663039793799e+02
2.104249067431306059e+02 1.900982268383321809e+02 4.005231335814627869e+02
2.020436873007238887e+02 1.577555410047415876e+02 3.597992283054654763e+02
1.873954586246119902e+02 1.379905285672215030e+02 3.253859871918334647e+02
1.703886409738147734e+02 1.256886362976122768e+02 2.960772772714270786e+02
1.533230532605824408e+02 1.180082358308960977e+02 2.713312890914785385e+02
1.373301690160312489e+02 1.133149159592035033e+02 2.506450849752347381e+02
1.228219763647098972e+02 1.106173384259345340e+02 2.334393147906444312e+02
1.098641018188650662e+02 1.092954493078855194e+02 2.191595511267505856e+02
9.837586971641958655e+01 1.089315441674920635e+02 2.073074138839116358e+02
8.822602152757188776e+01 1.092442021056471475e+02 1.974702236332190353e+02
7.925133930638921242e+01 1.100224891205576654e+02 1.892738284269468636e+02
7.131793386051795380e+01 1.111164590355500223e+02 1.824343928960679762e+02
6.429504590939919240e+01 1.124158644426553195e+02 1.767109103520544977e+02
5.806657051136973280e+01 1.138394136775993388e+02 1.719059841889690574e+02
5.253070225185062725e+01 1.153273198138874278e+02 1.678580220657380551e+02
4.759882423259518447e+01 1.168359404412915978e+02 1.644347646738867752e+02
4.319416939872104422e+01 1.183338163263580753e+02 1.615279857250791338e+02
3.925045726757873865e+01 1.197986922948695678e+02 1.590491495624482923e+02
3.571058927263888449e+01 1.212152536982582944e+02 1.569258429708971789e+02
3.252543893019815613e+01 1.225733976929255249e+02 1.550988366231236739e+02
2.965275317078074480e+01 1.238669107245788723e+02 1.535196638953596278e+02
2.705617103432119919e+01 1.250911388415022145e+02 1.521473098758234244e+02
2.470703563538126701e+01 1.262480406832371500e+02 1.509550763186184099e+02
2.257186727648723590e+01 1.273358645309241695e+02 1.499077318074114089e+02
2.063133078913235252e+01 1.283560307673792806e+02 1.489873615565116438e+02
1.886497990134459357e+01 1.293106839510201667e+02 1.481756638523647496e+02
1.725499657370799156e+01 1.302024492857981670e+02 1.474574458595061515e+02
1.578579943672430375e+01 1.310342492946215032e+02 1.468200487313458211e+02
1.444370630159799873e+01 1.318091686001128267e+02 1.462528749017108112e+02
1.321665234531958433e+01 1.325303552839189649e+02 1.457470076292385386e+02
1.209395497680433174e+01 1.332009499337328293e+02 1.452949049105371557e+02
1.106611759286586327e+01 1.338240355476307570e+02 1.448901531404966079e+02
1.012466558618428536e+01 1.344014778964586867e+02 1.445261434826429650e+02
9.263432834599536037e+00 1.349388609499337974e+02 1.442022937845333388e+02
8.472165617331270937e+00 1.354372098901462493e+02 1.439093755074775345e+02
7.746916390940073782e+00 1.358991739777979433e+02 1.436460903687380153e+02
7.082075999541769029e+00 1.363272507302569068e+02 1.434093267297986642e+02
6.472561916839602247e+00 1.367237896792540823e+02 1.431963515960936775e+02
5.913765242199152894e+00 1.370909967084573395e+02 1.430047619506565013e+02
5.401495834641690585e+00 1.374296400777209897e+02 1.428311359123626687e+02
4.932949439380662326e+00 1.377447797349361167e+02 1.426777291743167666e+02
4.502205942873890088e+00 1.380362414690128219e+02 1.425384474118867217e+02
4.107623288978635934e+00 1.383057587347203139e+02 1.424133820236989436e+02
3.746254143736518660e+00 1.385549402743173459e+02 1.423011944180538535e+02
3.415387846219390955e+00 1.387852798090068802e+02 1.422006676552262832e+02
3.112541825392752148e+00 1.389981645698145201e+02 1.421107063952072735e+02
2.835438892399933852e+00 1.391948830054982977e+02 1.420303218978982329e+02
2.581987521935694474e+00 1.393766318031196363e+02 1.419586193250553379e+02
2.350264680898332070e+00 1.395445223222792777e+02 1.418947870031776120e+02
2.138500763252636716e+00 1.396995865211250987e+02 1.418380872843777354e+02
1.945066281885232229e+00 1.398427824357917473e+02 1.417878487176769795e+02
1.768460039073042278e+00 1.399749992624715560e+02 1.417434593015445898e+02
1.607298551702026401e+00 1.400970620820427541e+02 1.417043606337447841e+02
1.460306549671174015e+00 1.402097362603514057e+02 1.416700428100225793e+02
1.326308399011795203e+00 1.403137315519221033e+02 1.416400399509338968e+02
1.204220327336642526e+00 1.404097059308052167e+02 1.416139262581418734e+02
1.093043349979516909e+00 1.404982691690977390e+02 1.415913125190772632e+02
9.918568118208934692e-01 1.405799861811759399e+02 1.415718429929968352e+02
8.998124732429750861e-01 1.406547786717055146e+02 1.415545911449484890e+02
8.164845171333884322e-01 1.407245777642706628e+02 1.415410622814040380e+02
7.403199759984435691e-01 1.407889129592996653e+02 1.415292329352980971e+02
6.711633560044413249e-01 1.408482190256031004e+02 1.415193823816075280e+02
6.084084666329112601e-01 1.409028946226751771e+02 1.415113030893080861e+02
5.514869594521811802e-01 1.409533054319595351e+02 1.415047923914117121e+02
4.998782617188342603e-01 1.409997873179597434e+02 1.414996655796785774e+02
4.531057250035025463e-01 1.410426490697857389e+02 1.414957547947892351e+02
4.107329868933059513e-01 1.410821747986911134e+02 1.414929077855844071e+02
3.723606814705621715e-01 1.411186256189829464e+02 1.414909863004534998e+02
3.376233855164066933e-01 1.411522425759434611e+02 1.414898659614598557e+02
3.061870390859392499e-01 1.411832478165166265e+02 1.414894348556025534e+02
2.777463750375224194e-01 1.412118459405464819e+02 1.414895923155839910e+02
2.520225937671023986e-01 1.412382254272702369e+02 1.414902480210373312e+02
2.287612493386554924e-01 1.412621901091736731e+02 1.414909513585123193e+02
2.079517665897842038e-01 1.412847904719955636e+02 1.414927422385853504e+02
1.888699929320347137e-01 1.413056077707813927e+02 1.414944777637134337e+02
1.716207266015028210e-01 1.413247902063392019e+02 1.414964109329407052e+02
1.560435539643595382e-01 1.413424723114051744e+02 1.414985158653695407e+02
1.419735573581154264e-01 1.413587762548787907e+02 1.415007498122369043e+02
1.292616174935018736e-01 1.413738132810771617e+02 1.415030748985706737e+02
1.177732972250714605e-01 1.413876849202122230e+02 1.415054582174373081e+02
1.073873561019844242e-01 1.414004840089723700e+02 1.415078713650743509e+02
