3.531282737617330895e+03 2.705458689415077700e+01 3.558337324511481711e+03
3.506677282684450347e+03 1.216446322198838104e+01 3.518841745906438518e+03
2.452994373080040532e+03 1.084735599663981986e+01 2.463841729076680167e+03
1.121925883999089137e+03 8.029291761106687630e+00 1.129955175760195743e+03
6.045511375559220824e+02 9.284668293024614272e+00 6.138358058489467339e+02
4.230429897855578929e+02 9.760912820180138283e+00 4.328039026057380170e+02
3.414644062681783225e+02 9.604188485375354745e+00 3.510685947535536684e+02
3.056970608893552708e+02 9.568179333631723793e+00 3.152652402229870177e+02
2.910157945153037531e+02 1.129676373389080979e+01 3.023125582491945806e+02
2.836675262704063698e+02 1.348879235979262603e+01 2.971563186301989958e+02
2.759969751295039941e+02 1.488814519711772277e+01 2.908851203266217453e+02
2.660633656372948508e+02 1.573248948818919857e+01 2.817958551254840245e+02
2.531925455282449491e+02 1.653133584749749119e+01 2.697238813757424509e+02
2.378831340783959263e+02 1.677035782450018786e+01 2.546534919028961212e+02
2.206832120520620890e+02 1.656823956837124001e+01 2.372514516204333290e+02
2.025053245133755411e+02 1.620130863772359930e+01 2.187066331510991404e+02
1.844432415788349715e+02 1.579705184208458846e+01 2.002402934209195564e+02
1.671932056575731735e+02 1.541803994308152603e+01 1.826112456006547120e+02
1.510609280361113349e+02 1.509323362511869782e+01 1.661541616612300345e+02
1.361533053525428443e+02 1.484431155995875606e+01 1.509976169125015986e+02
1.225771894716689019e+02 1.467098742274705714e+01 1.372481768944159626e+02
1.105231833905880308e+02 1.442653352783455389e+01 1.249497169184225811e+02
1.003511866421342376e+02 1.185256520223945031e+01 1.122037518443736843e+02
9.115002082143291773e+01 6.065618729061099224e+00 9.721563955049401784e+01
7.876342481809989238e+01 4.066872939696905220e+00 8.283029775779679937e+01
6.587071275057404307e+01 3.306877700659617947e+00 6.917759045123365524e+01
5.403276770898808223e+01 3.041901120120036328e+00 5.707466882910811989e+01
4.382137892304434956e+01 3.019652055988767181e+00 4.684103097903311408e+01
3.530853497244659422e+01 3.134879308547236398e+00 3.844341428099382796e+01
2.835410683206445626e+01 3.331549150912721746e+00 3.168565598297717756e+01
2.274446123077872173e+01 3.574178801409539474e+00 2.631864003218826298e+01
1.825609869258276063e+01 3.838631687234290268e+00 2.209473037981705090e+01
1.468308902985957332e+01 4.108394032735933621e+00 1.879148306259550694e+01
1.184699011874142727e+01 4.372472785346371182e+00 1.621946290408779845e+01
9.598471144872512184e+00 4.623903810501992062e+00 1.422237495537450513e+01
7.815268295889511663e+00 4.858614187562255715e+00 1.267388248345176649e+01
6.398766057619676317e+00 5.074555272440035125e+00 1.147332133005971144e+01
5.270296514835199453e+00 5.271062989728999781e+00 1.054135950456419835e+01
4.367645967439040433e+00 5.448386365307686496e+00 9.816032332746726041e+00
3.641958378986426492e+00 5.607352097195203555e+00 9.249310476181630492e+00
3.055084934495846838e+00 5.749129287963815393e+00 8.804214222459663119e+00
2.577367394131382383e+00 5.875067771690780205e+00 8.452435165822162588e+00
2.185815060457767522e+00 5.986584727713220033e+00 8.172399788170988444e+00
1.862634808930411001e+00 6.085091017026358351e+00 7.947725825956769796e+00
1.594052076666025330e+00 6.171944234768257154e+00 7.765996311434282262e+00
1.369380100242010734e+00 6.248418556518732458e+00 7.617798656760743192e+00
1.180299168054893322e+00 6.315689082433155299e+00 7.495988250488048621e+00
1.020296407026793695e+00 6.374826095526038294e+00 7.395122502552831989e+00
8.842350075151713673e-01 6.426793742447943103e+00 7.311028749963114137e+00
7.680333726950785422e-01 6.472453774856404607e+00 7.240487147551482927e+00
6.684191918956347012e-01 6.512571738570713364e+00 7.180990930466347955e+00
5.827446559658033820e-01 6.547824508615983419e+00 7.130569164581786801e+00
5.088478123037213363e-01 6.578808410192365841e+00 7.087656222496087288e+00
4.449483622530771565e-01 6.606047405613959533e+00 7.050995767867036967e+00
3.895689895173858885e-01 6.630001005628481714e+00 7.019569995145867658e+00
3.414755305765166393e-01 6.651071694705882997e+00 6.992547225282399914e+00
2.996310300874724941e-01 6.669611754528074421e+00 6.969242784615547137e+00
2.631600466938851524e-01 6.685929436398593495e+00 6.949089483092478758e+00
2.313205659313794238e-01 6.700294478355682593e+00 6.931615044287061878e+00
2.034816078840602227e-01 6.712942991839761397e+00 6.916424599723821842e+00
1.791051486934081560e-01 6.724176735783996328e+00 6.903281884477404873e+00
1.578639932691000836e-01 6.733928212581695050e+00 6.891792205850794772e+00
1.389465366792359824e-01 6.742535908659472277e+00 6.881482445338708231e+00
1.223701651916399985e-01 6.750129237809869842e+00 6.872499403001509855e+00
1.078334508935964997e-01 6.758164286503244078e+00 6.865997737396840606e+00
9.528936549467721673e-02 6.763269457571153609e+00 6.858558823065830978e+00
8.382819419406035977e-02 6.768005989165104985e+00 6.851834183359165387e+00
7.375737070106974658e-02 6.772335276933417525e+00 6.846092647634486994e+00
6.494950667403977251e-02 6.776247223851143531e+00 6.841196730525183511e+00
5.722818360927258569e-02 6.779753467918740562e+00 6.836981651528013515e+00
5.043728759346063212e-02 6.782877686951374052e+00 6.833314974544834719e+00
4.444902494988078878e-02 6.785649508917329875e+00 6.830098533867210442e+00
3.915931586154032529e-02 6.788100759174634291e+00 6.827260075036174491e+00
3.448201122871953628e-02 6.790263206903119908e+00 6.824745218131839763e+00
3.034438318139073137e-02 6.792167269166571764e+00 6.822511652347962752e+00
2.668398995748258451e-02 6.793841320850430243e+00 6.820525310807912689e+00
2.344654230800557668e-02 6.795311382217511742e+00 6.818757924525517211e+00
2.058442151170053816e-02 6.796601036654954520e+00 6.817185458166655110e+00
1.805560826899583679e-02 6.797731484090544285e+00 6.815787092359539834e+00
1.582287322618125894e-02 6.798721670073137879e+00 6.814544543299319024e+00
1.385313987728401496e-02 6.799588452922326276e+00 6.813441592799610369e+00
1.211696646065452999e-02 6.800346785816576478e+00 6.812463752277230888e+00
1.058811412972100047e-02 6.801009899955795746e+00 6.811598014085516795e+00
9.243180494191805679e-03 6.801589480823807321e+00 6.810832661317999026e+00
8.061284493818515751e-03 6.802095833276260883e+00 6.810157117770079260e+00
7.023792690577509296e-03 6.802538033470777457e+00 6.809561826161354858e+00
6.114079660985084069e-03 6.802924067045698742e+00 6.809038146706683392e+00
5.317316894106622824e-03 6.803260953770504216e+00 6.808578270664610521e+00
4.620285806806432444e-03 6.803554859346771622e+00 6.808175145153578356e+00
4.011211369717501175e-03 6.803811195270223600e+00 6.807822406639941093e+00
3.479613504415258150e-03 6.804034707758694012e+00 6.807514321263108847e+00
3.016173928593277390e-03 6.804229556763392139e+00 6.807245730691985131e+00
2.612616531715709987e-03 6.804399386046543263e+00 6.807012002578258780e+00
2.261599685285724855e-03 6.804547385248898017e+00 6.806808984934184181e+00
1.956619148326885649e-03 6.804676344799402976e+00 6.806632963947730097e+00
1.691920433881794611e-03 6.804788704444271197e+00 6.806480624878153307e+00
1.462419667021122973e-03 6.804886596097779794e+00 6.806349015764801003e+00
1.263632100823180310e-03 6.804971881646510568e+00 6.806235513747333599e+00
1.091607554130019728e-03 6.805046186286339172e+00 6.806137793840469463e+00
9.428720955279809059e-04 6.805110927896667938e+00 6.806053799992195508e+00
