3.586162737617331004e+03 1.108459241109783449e+02 3.697008661728309562e+03
1.002176690595361833e+04 1.080811429991453991e+02 1.012984804895276284e+04
2.989302822121933059e+04 1.664581435218792933e+02 3.005948636474120940e+04
2.202878951784292440e+04 1.402558313145726743e+02 2.216904534915749537e+04
1.231163511767108503e+04 1.367970158135441920e+02 1.244843213348462996e+04
4.583349021609331430e+03 1.500476283283135217e+02 4.733396649937644725e+03
1.786927989933941035e+03 1.102200801514835717e+02 1.897148070085424706e+03
7.905709978004867935e+02 1.083129425537958497e+02 8.988839403542826858e+02
4.641049626007811071e+02 1.134830384256486013e+02 5.775880010264297653e+02
3.673045197025492712e+02 1.202112918612853179e+02 4.875158115638345748e+02
3.402957734857857304e+02 1.274158284262601342e+02 4.677116019120458645e+02
3.348185203082294947e+02 1.340875804390363442e+02 4.689061007472658389e+02
3.321401786540323542e+02 1.398615697501864190e+02 4.720017484042188016e+02
3.249825802125851624e+02 1.446253866183278660e+02 4.696079668309130284e+02
3.112244743577742270e+02 1.480795423629241157e+02 4.593040167206983142e+02
2.911963577563497552e+02 1.507317310732483122e+02 4.419280888295980958e+02
2.672151471371907405e+02 1.527696730129821958e+02 4.199848201501729363e+02
2.420106981437962759e+02 1.542222501282220151e+02 3.962329482720182909e+02
2.178881203701582194e+02 1.552886620498514958e+02 3.731767824200097152e+02
1.964559652424467231e+02 1.551191933736027977e+02 3.515751586160495208e+02
1.795192532985242337e+02 1.553159448861408123e+02 3.348351981846650460e+02
1.662990698955651681e+02 1.545226408638600049e+02 3.208217107594251729e+02
1.574281403070517342e+02 1.539237553099034130e+02 3.113518956169551757e+02
1.521883311713040712e+02 1.492809605592176752e+02 3.014692917305217179e+02
1.545161952951185071e+02 8.495093217751029613e+01 2.394671274726288175e+02
1.425018710987503425e+02 4.581978678091945767e+01 1.883216578796698002e+02
1.191347344566945310e+02 3.956861376491848858e+01 1.587033482216130267e+02
9.938364097354607907e+01 3.726576918879268874e+01 1.366494101623387678e+02
8.259043711762048190e+01 3.639031115315069087e+01 1.189807482707711728e+02
6.806242415781827049e+01 3.697486870722408980e+01 1.050372928650423603e+02
5.564860414319196025e+01 3.705931087156442061e+01 9.270791501475638086e+01
4.483021507694186170e+01 3.826443619180247424e+01 8.309465126874434304e+01
3.576792971079559180e+01 3.977920889080976252e+01 7.554713860160535432e+01
2.828806361046123286e+01 4.213036303235566749e+01 7.041842664281689679e+01
2.229064881768042738e+01 4.490899202181997651e+01 6.719964083950040390e+01
1.757342505931953980e+01 4.783877150507521492e+01 6.541219656439474761e+01
1.391654984687582086e+01 5.073670033472311758e+01 6.465325018159893489e+01
1.111288091431071656e+01 5.348842250897912720e+01 6.460130342328984909e+01
8.979538832605276966e+00 5.602963187293471492e+01 6.500917070553998656e+01
7.361366799120538040e+00 5.833014204553168014e+01 6.569150884465221907e+01
6.130986483486990046e+00 6.038260218629252307e+01 6.651358866977950868e+01
5.186983867923275149e+00 6.219388545467660379e+01 6.738086932259987805e+01
4.451025032390363734e+00 6.377918622601811194e+01 6.823021125840847390e+01
3.864355023262575628e+00 6.515786530375144991e+01 6.902222032701402554e+01
3.384530930905066626e+00 6.635110516553517357e+01 6.973563609644024552e+01
2.981344372339469473e+00 6.737995910350413453e+01 7.036130347584359868e+01
2.634331297006792916e+00 6.826454993948024708e+01 7.089888123648704266e+01
2.329817934213203490e+00 6.902347006486461112e+01 7.135328799907782127e+01
2.058889818704163766e+00 6.967353265436067034e+01 7.173242247306482966e+01
1.815822195717145870e+00 7.022970797409274724e+01 7.204553016980989355e+01
1.596919115326667971e+00 7.070517313515094315e+01 7.230209225047761379e+01
1.399704861716334792e+00 7.111142696115391004e+01 7.251113182287024017e+01
1.222388158845546524e+00 7.145843802947265999e+01 7.268082618831820696e+01
1.063526777384306232e+00 7.175480524805456639e+01 7.281833202543887751e+01
9.218324125243856360e-01 7.200792351509693390e+01 7.292975592762131498e+01
7.961170526751887300e-01 7.222411002499124777e+01 7.302022707766643350e+01
6.850236880599682721e-01 7.240879451596664751e+01 7.309381820402661845e+01
5.875025937893402217e-01 7.256659115547689964e+01 7.315409374926623798e+01
5.021291752791409158e-01 7.270145096196431211e+01 7.320358013724344914e+01
4.278550957455244941e-01 7.281673586962895683e+01 7.324459096537448488e+01
3.635810649432700825e-01 7.291531050904717404e+01 7.327889157399044961e+01
3.080035319542403505e-01 7.299961632472131612e+01 7.330761985667555791e+01
2.603445331549189001e-01 7.307173544730116532e+01 7.333207998045608633e+01
2.195013312716588560e-01 7.313344745382934775e+01 7.335294878510100602e+01
1.845447472007149814e-01 7.318625506455838092e+01 7.337079981175909893e+01
1.549298200275726067e-01 7.323145520928768804e+01 7.338638502931526375e+01
1.297874524727705703e-01 7.327015744980593581e+01 7.339994490227870472e+01
1.084326840909755202e-01 7.330328256976586943e+01 7.341171525385684049e+01
9.053934125197043992e-02 7.333164587458169592e+01 7.342218521583366453e+01
7.546494546465096209e-02 7.335593296118742046e+01 7.343139790665206590e+01
6.280794776768815202e-02 7.337673007842067818e+01 7.343953802618837301e+01
5.220825041104001224e-02 7.339453865100860241e+01 7.344674690141964390e+01
4.335224417418568482e-02 7.340978767764217139e+01 7.345313992181635854e+01
3.596922496840492672e-02 7.342284429930852241e+01 7.345881352427693400e+01
2.982672997798666709e-02 7.343402280504786006e+01 7.346384953502584381e+01
2.472599246290854008e-02 7.344359230741147826e+01 7.346831829987438311e+01
2.049771391138298718e-02 7.345178328607796914e+01 7.347228099998935136e+01
1.699820859901725323e-02 7.345879316848878204e+01 7.347579137708780195e+01
1.410593465353196692e-02 7.346474934022130299e+01 7.347885527487483159e+01
1.175900314488134354e-02 7.346989745050294118e+01 7.348165645364782961e+01
9.763862091143138064e-03 7.347429517289810974e+01 7.348405903498925795e+01
8.128084250134205713e-03 7.347798702195969156e+01 7.348611510620982301e+01
6.814219307796662121e-03 7.348113913305105882e+01 7.348795335235885773e+01
5.717542351018429538e-03 7.348381959153584830e+01 7.348953713388686992e+01
4.803797742270195237e-03 7.348608552287750229e+01 7.349088932061977175e+01
4.043521800176904345e-03 7.348856736358732178e+01 7.349261088538749220e+01
3.554357514631754922e-03 7.348968132919887353e+01 7.349323568671350415e+01
2.868197836810307527e-03 7.349147874456420482e+01 7.349434694240100896e+01
2.379816563531424959e-03 7.349294463023292678e+01 7.349532444679645948e+01
2.031962895198798340e-03 7.349446388155844545e+01 7.349649584445364781e+01
1.777439482110347319e-03 7.349526864770378154e+01 7.349704608718589327e+01
1.557362833586969919e-03 7.349594036708867861e+01 7.349749772992225871e+01
1.372060642601270839e-03 7.349651483212531389e+01 7.349788689276790876e+01
1.214452599069335567e-03 7.349700684916651028e+01 7.349822130176558233e+01
1.077904841911457188e-03 7.349742852666096837e+01 7.349850643150287510e+01
9.577788904951148796e-04 7.349779013518596571e+01 7.349874791407646057e+01
8.510910935479749223e-04 7.349810040507166775e+01 7.349895149616521906e+01
7.559146150725541951e-04 7.349836676344875741e+01 7.349912267806382715e+01
6.709264978241798487e-04 7.349859553350415808e+01 7.349926646000197650e+01
5.951252741392281959e-04 7.349903240815946504e+01 7.349962753343361044e+01
