3.586162737617331004e+03 1.108459241109783449e+02 3.697008661728309562e+03
1.002176690595361833e+04 1.068118585047170370e+02 1.012857876445833608e+04
2.959137993813353751e+04 1.470815644463818899e+02 2.973846150257992122e+04
3.262092449262693117e+04 1.083685424764317276e+02 3.272929303510336467e+04
1.011586928840535620e+04 1.257530610131132960e+02 1.024162234941846873e+04
1.904739091819551732e+03 1.773201160504120821e+02 2.082059207869963757e+03
8.469600211121741040e+02 1.930842432429790847e+02 1.040044264355153246e+03
5.020116702871808343e+02 1.866226135990473551e+02 6.886342838862282179e+02
3.716192564462971859e+02 1.545106203608925739e+02 5.261298768071897030e+02
3.176646772735886088e+02 1.393285717865695403e+02 4.569932490601581776e+02
2.895633034111069151e+02 1.312654602891065281e+02 4.208287637002134716e+02
2.692478821217459313e+02 1.265065342547326424e+02 3.957544163764785594e+02
2.512455782057539295e+02 1.234371298523268337e+02 3.746827080580807774e+02
2.342764761083051894e+02 1.213997967216257479e+02 3.556762728299309515e+02
2.180234222964172659e+02 1.199961334655004492e+02 3.380195557619177293e+02
2.027543900218344959e+02 1.192474253712120458e+02 3.220018153930465132e+02
1.887466699316360916e+02 1.185228931018887266e+02 3.072695630335248325e+02
1.763011704966788784e+02 1.217483894671373719e+02 2.980495599638162503e+02
1.664263699890074406e+02 1.295318501897342003e+02 2.959582201787416125e+02
1.587872056848445652e+02 1.351695686672866543e+02 2.939567743521312195e+02
1.529096899734904582e+02 1.074751539161862581e+02 2.603848438896767448e+02
1.456147741957088897e+02 8.617348181425933262e+01 2.317882560099682223e+02
1.359088838862670059e+02 7.385900392877097431e+01 2.097678878150379660e+02
1.246576451102111776e+02 6.649569987640671798e+01 1.911533449866178955e+02
1.128221008373099323e+02 6.201083399473582602e+01 1.748329348320457655e+02
1.011043806129499956e+02 5.929134763204328351e+01 1.603957282449932791e+02
8.993543651720005982e+01 5.770778828869734411e+01 1.476432248058974039e+02
7.957151238409738880e+01 5.688701230951343035e+01 1.364585246936108263e+02
7.012613937726868585e+01 5.659365849588643016e+01 1.267197978731551160e+02
6.162598511850355010e+01 5.667085648440731660e+01 1.182968416029108596e+02
5.404477824414880871e+01 5.700905796759509059e+01 1.110538362117438993e+02
4.732631757645699366e+01 5.753492948740053237e+01 1.048612470638575189e+02
4.140145116738212749e+01 5.817519144862213665e+01 9.957664261600426414e+01
3.619016818663656920e+01 5.889548098176108937e+01 9.508564916839765147e+01
3.161773540350853651e+01 5.966253804218991519e+01 9.128027344569845525e+01
2.761243678193964257e+01 6.045134099537429506e+01 8.806377777731393053e+01
2.410792199462469299e+01 6.124321523400194422e+01 8.535113722862664076e+01
2.104401452117446780e+01 6.202441061288602953e+01 8.306842513406050443e+01
1.836685071935470148e+01 6.278500454281078191e+01 8.115185526216548340e+01
1.602864360539039978e+01 6.351804392435011692e+01 7.954668752974052381e+01
1.398724538016461949e+01 6.421886924022194876e+01 7.820611462038657180e+01
1.220561929194102824e+01 6.493589656246457764e+01 7.714151585440561121e+01
1.064878832377626772e+01 6.554120397050562019e+01 7.618999229428189324e+01
9.297056660740583567e+00 6.611657840865503033e+01 7.541363506939561034e+01
8.116986584186660636e+00 6.666038333054089549e+01 7.477736991472755790e+01
7.087787947419156076e+00 6.717191625505306263e+01 7.425970420247222137e+01
6.190934863500485719e+00 6.765119592688716921e+01 7.384213079038765670e+01
5.410001670674635221e+00 6.809877513498794599e+01 7.350877680566257766e+01
4.730458466062947842e+00 6.851559244913784141e+01 7.324605091520078304e+01
4.139473488402485302e+00 6.890285571308525903e+01 7.304232920148774610e+01
3.625730430960365513e+00 6.926195127000738694e+01 7.288768170096774668e+01
3.179262606637138333e+00 6.959437389610158675e+01 7.277363650273872508e+01
2.791303975223577094e+00 6.990167328526611357e+01 7.269297726048968400e+01
2.454156044802728420e+00 7.018541367459158664e+01 7.263956971939431639e+01
2.161069199464540791e+00 7.044714383733649754e+01 7.260821303680103256e+01
1.906136870972003461e+00 7.068837520663049645e+01 7.259451207760250213e+01
1.684201022109387047e+00 7.091056633935308184e+01 7.259476736146247333e+01
1.490767553211674201e+00 7.111511229617724439e+01 7.260587984938891282e+01
1.321930424050297814e+00 7.130333781155185591e+01 7.262526823560214950e+01
1.174303467149999669e+00 7.147649336696535727e+01 7.265079683411535427e+01
1.044959037319891815e+00 7.163575347195012455e+01 7.268071250927002325e+01
9.313727871199051211e-01 7.178221660867382070e+01 7.271358939579373271e+01
8.313739766689388633e-01 7.191690641518881932e+01 7.274828039185776163e+01
7.431008197196659060e-01 7.204077377589716491e+01 7.278387459561683670e+01
6.649604392541048625e-01 7.215469956087267178e+01 7.281966000012677398e+01
5.955930587771230966e-01 7.225949781272535688e+01 7.285509087150248320e+01
5.338400939135611312e-01 7.235591922421899369e+01 7.288975931813256182e+01
4.787158364979819947e-01 7.244465478465501462e+01 7.292337062115299773e+01
4.293824432593522644e-01 7.252633950032105759e+01 7.295572194358041429e+01
3.851279560675324176e-01 7.260155611578400681e+01 7.298668407185154194e+01
3.453470925815526060e-01 7.267083877981278306e+01 7.301618587239433111e+01
3.095245565584106573e-01 7.273467661325861400e+01 7.304420116981702904e+01
2.772206271236488662e-01 7.279351714707379983e+01 7.307073777419745397e+01
2.480587966691908397e-01 7.284776960739942808e+01 7.309582840406861237e+01
2.217152381206631273e-01 7.289780803173970014e+01 7.311952326986036610e+01
1.979098942641432657e-01 7.294397420600031978e+01 7.314188410026446263e+01
1.763989946267755793e-01 7.298658041685203557e+01 7.316297941147881545e+01
1.569688189403239675e-01 7.302591201768281337e+01 7.318288083662314136e+01
1.394305402791714277e-01 7.306222980947040924e+01 7.320166034974957370e+01
1.236159953196303007e-01 7.309577224035788845e+01 7.321938823567751342e+01
1.093742435684095515e-01 7.312675742964368908e+01 7.323613167321209971e+01
9.656879161925308042e-02 7.315538502337759041e+01 7.325195381499683833e+01
8.507537230357975488e-02 7.318183788985255944e+01 7.326691326215613742e+01
7.478018182146352333e-02 7.320628366405220788e+01 7.328106384587367472e+01
6.557849042529470540e-02 7.322887615060355415e+01 7.329445464102884955e+01
5.737355386819956160e-02 7.324975659503796521e+01 7.330713014890616819e+01
5.007576354597990942e-02 7.326905483321685608e+01 7.331913059676283240e+01
4.360198300983725989e-02 7.328689032866782327e+01 7.333049231167765925e+01
3.787502729168489013e-02 7.330337310733230538e+01 7.334124813462399572e+01
3.282324927199768011e-02 7.331860459887529657e+01 7.335142784814729566e+01
2.838020416071278945e-02 7.333267839327497484e+01 7.336105859743568658e+01
2.448436909874427900e-02 7.334568092091922153e+01 7.337016529001796528e+01
2.107889997717449920e-02 7.335769206390345687e+01 7.337877096388062625e+01
1.811141187812535108e-02 7.336878570566886992e+01 7.338689711754699374e+01
1.553377313501408397e-02 7.337903022555413202e+01 7.339456399868915071e+01
1.330190596270154971e-02 7.338848894427124492e+01 7.340179085023395089e+01
1.137558899248442695e-02 7.339722052576294686e+01 7.340859611475542579e+01
9.718258933316180001e-03 7.340527934036832391e+01 7.341499759930164259e+01
8.296810037301233232e-03 7.341271579371540668e+01 7.342101260375271465e+01
7.081391137402095158e-03 7.341957662528220396e+01 7.342665801641960854e+01
