3.625362737617330822e+03 1.821810188049935562e+02 3.807543756422324350e+03
1.491739204927898572e+04 1.753620697466854779e+02 1.509275411902567066e+04
4.838167901309029548e+04 2.507777915880063233e+02 4.863245680467830243e+04
4.613258195230559068e+04 1.803063485369750083e+02 4.631288830084256915e+04
1.349157569421889093e+04 2.236588993161022927e+02 1.371523459353499311e+04
3.905646530703668759e+03 2.901581782319032641e+02 4.195804708935572307e+03
1.729047531126521562e+03 2.849204550117012786e+02 2.013967986138222841e+03
9.100774998007515251e+02 2.432995771028501792e+02 1.153377076903601619e+03
5.595081755148466982e+02 2.250181621568058574e+02 7.845263376716525272e+02
4.013532634739241871e+02 2.164622726496598091e+02 6.178155361235840246e+02
3.245017805321700166e+02 2.121175625809839858e+02 5.366193431131539455e+02
2.821769600532230697e+02 2.096734998961168230e+02 4.918504599493398928e+02
2.549997396962664880e+02 2.083228124381018063e+02 4.633225521343682658e+02
2.349397133342451696e+02 2.075359480159459906e+02 4.424756613501911602e+02
2.186596743529846663e+02 2.067862946842153917e+02 4.254459690372000296e+02
2.047928729070603708e+02 2.084169386542315010e+02 4.132098115612918718e+02
1.933593914088059194e+02 2.153605890033842059e+02 4.087199804121901252e+02
1.850650954390727918e+02 2.227631625265728701e+02 4.078282579656456619e+02
1.792536229790032678e+02 2.040673165603072334e+02 3.833209395393105297e+02
1.741894250569449127e+02 1.638830040249152944e+02 3.380724290818602071e+02
1.669438202754021745e+02 1.392078571970558301e+02 3.061516774724580046e+02
1.572335667443831824e+02 1.236520489334810549e+02 2.808856156778642230e+02
1.460195333920648579e+02 1.136550462625408500e+02 2.596745796546057363e+02
1.341619107910170214e+02 1.071778739462704664e+02 2.413397847372874878e+02
1.222826844809954139e+02 1.030087644673527478e+02 2.252914489483481475e+02
1.107923502933814746e+02 1.004018270684370577e+02 2.111941773618185323e+02
9.994091863089639105e+01 9.887766263416365575e+01 1.988185812650600610e+02
8.985432979648417984e+01 9.811926047934839801e+01 1.879735902758325778e+02
8.059025703252261508e+01 9.790819913890942416e+01 1.784984561714320535e+02
7.215195084451700325e+01 9.808951240358156554e+01 1.702414632480985688e+02
6.451152444918692197e+01 9.855061011840322749e+01 1.630621345675901352e+02
5.762313540761675767e+01 9.920824664782401214e+01 1.568313820554407698e+02
5.143177385156420911e+01 1.000001539464124818e+02 1.514319277979766980e+02
4.587898427116626010e+01 1.008853951819673966e+02 1.467643794531336425e+02
4.090605888817485436e+01 1.018138140855313623e+02 1.427198729737062308e+02
3.645854683186981759e+01 1.027686117168629352e+02 1.392271585487327457e+02
3.248255195530066430e+01 1.037296222866047657e+02 1.362121742419054158e+02
2.892999933557417336e+01 1.046819016941869052e+02 1.336119010297610714e+02
2.575704040885493029e+01 1.056145415175709275e+02 1.313715819264258471e+02
2.292401347207398032e+01 1.065197530643660713e+02 1.294437665364400516e+02
2.039523672592747161e+01 1.073921543406202801e+02 1.277873910665477553e+02
1.813871813213203765e+01 1.082282130893941883e+02 1.263669312215262295e+02
1.612582923729320683e+01 1.090258111853690934e+02 1.251516404226622967e+02
1.433097290702579052e+01 1.098398859490683037e+02 1.241708588560940996e+02
1.272688501352707036e+01 1.105340010961551087e+02 1.232608861096821755e+02
1.130529753029228957e+01 1.111958798113275009e+02 1.225011773416197940e+02
1.003843718005101238e+01 1.118245629258234999e+02 1.218630001058745052e+02
8.910501059505929078e+00 1.124197780301643519e+02 1.213302790896702845e+02
7.907140671316721381e+00 1.129817926151361576e+02 1.208889332864528825e+02
7.015372211026110527e+00 1.135112719905493321e+02 1.205266442015754365e+02
6.223457941677867922e+00 1.140091680001993097e+02 1.202326259418771741e+02
5.520793816039501145e+00 1.144766323267652552e+02 1.199974261428047555e+02
4.897806376467126022e+00 1.149149493304094278e+02 1.198127557068765583e+02
4.345859048203634778e+00 1.153254843484359924e+02 1.196713433966396281e+02
3.857167353794833886e+00 1.157096441885297793e+02 1.195668115423246149e+02
3.424722291224543191e+00 1.160688472045308117e+02 1.194935694957553522e+02
3.042221008892822987e+00 1.164045008769588634e+02 1.194467218858516873e+02
2.704003909766686142e+00 1.167179852517096350e+02 1.194219891614763185e+02
2.404997378939254471e+00 1.170106409372508836e+02 1.194156383161901402e+02
2.140661422385114587e+00 1.172837606382359894e+02 1.194244220606210973e+02
1.906941609545479865e+00 1.175385834243847540e+02 1.194455250339302381e+02
1.700224815768951458e+00 1.177762911083952559e+02 1.194765159241642039e+02
1.517298355123392728e+00 1.179980062444280549e+02 1.195153045995514418e+02
1.355312175874423097e+00 1.182047913667193200e+02 1.195601035425937368e+02
1.211743858613812508e+00 1.183976491721908104e+02 1.196093930308046254e+02
1.084366210789430740e+00 1.185775234164866987e+02 1.196618896272761248e+02
9.712172923543896941e-01 1.187453003436904595e+02 1.197165176360448555e+02
8.705727370390622388e-01 1.189018105092869035e+02 1.197723832463259726e+02
7.809202541950637233e-01 1.190478308863103791e+02 1.198287511405054460e+02
7.009362091194591970e-01 1.191840871680984293e+02 1.198850233772178910e+02
6.294641869866324235e-01 1.193112561992587501e+02 1.199407203862453883e+02
5.654954485634057226e-01 1.194299684806008059e+02 1.199954639291642167e+02
5.081511861045286960e-01 1.195408107048549340e+02 1.200489618909594611e+02
4.566664863439497957e-01 1.196443282887402688e+02 1.201009947750842173e+02
4.103759052032225907e-01 1.197410278739150442e+02 1.201514037791182687e+02
3.687005564213093334e-01 1.198313797749728877e+02 1.202000803313941901e+02
3.311366142701316906e-01 1.199158203572571040e+02 1.202469569715272399e+02
2.972451291977492027e-01 1.199947543310839961e+02 1.202919994602817439e+02
2.666430548441304227e-01 1.200685569521738500e+02 1.203352000070179741e+02
2.389953855001927807e-01 1.201375761208041979e+02 1.203765715063043871e+02
2.140083047441378450e-01 1.202021343745225863e+02 1.204161426792667271e+02
1.914232486381531317e-01 1.202625307712461620e+02 1.204539540198843213e+02
1.710117904097165631e-01 1.203190426612841577e+02 1.204900544516938794e+02
1.525712578490176774e-01 1.203719273482822985e+02 1.205244986061313170e+02
1.359209995862708520e-01 1.204214236403304596e+02 1.205573446399167352e+02
1.208992218222149778e-01 1.204677532935222644e+02 1.205886525153444779e+02
1.073603228258786374e-01 1.205111223511186438e+02 1.206184826739445271e+02
9.517265844682987197e-02 1.205517223821720165e+02 1.206468950406188441e+02
8.421667788892681084e-02 1.205897316240171477e+02 1.206739483019060799e+02
7.438337494598253052e-02 1.206253160334529184e+02 1.206996994083988994e+02
6.557300571167029579e-02 1.206586302517307843e+02 1.207242032574424542e+02
5.769402936602111009e-02 1.206898184886506726e+02 1.207475125180166913e+02
5.066223394641024280e-02 1.207190153311509988e+02 1.207696775650974104e+02
4.440001398378352199e-02 1.207463464817820835e+02 1.207907464957658732e+02
3.883577149172239007e-02 1.207719294323817110e+02 1.208107652038734301e+02
3.390341601586410042e-02 1.207958740781413809e+02 1.208297774941572413e+02
2.954194327518637475e-02 1.208182832770700372e+02 1.208478252203452286e+02
2.569507535430359466e-02 1.208392533596424983e+02 1.208649484349968048e+02
2.231094844608556838e-02 1.208588745931681530e+02 1.208811855416142436e+02
1.934183681050603495e-02 1.208772316051436917e+02 1.208965734419542031e+02
