0.000000000000000000e+00 1.374722310507140151e+02 1.374722310507140151e+02
4.043369844700950289e+00 1.558265664408199598e+02 1.598699362855209074e+02
1.564004817545354875e+01 1.674151422793518975e+02 1.830551904548054551e+02
3.299103874238311818e+01 1.751136754771487460e+02 2.081047142195318713e+02
5.111130015362725487e+01 1.804017521590253921e+02 2.315130523126526327e+02
6.922322433780112760e+01 1.841774679252060594e+02 2.534006922630071870e+02
8.796590130302307387e+01 1.869512348459806219e+02 2.749171361490036816e+02
1.078283032422887402e+02 1.888823326988689928e+02 2.967106359411577614e+02
1.287461594736246866e+02 1.898840018801480198e+02 3.186301613537726780e+02
1.501894433557733919e+02 1.897646946741709826e+02 3.399541380299443745e+02
1.714301038877550525e+02 1.883579996102696725e+02 3.597881034980247250e+02
1.918212975139024365e+02 1.856219987157748506e+02 3.774432962296772871e+02
2.109664465757153096e+02 1.816559170478336114e+02 3.926223636235489494e+02
2.287957069894551125e+02 1.766908958665018474e+02 4.054866028559569600e+02
2.454961739194318113e+02 1.710313620299052673e+02 4.165275359493371070e+02
2.613989512413501757e+02 1.649852222261925760e+02 4.263841734675427233e+02
2.768592343212700371e+02 1.588250405809033055e+02 4.356842749021733425e+02
2.921700770143135060e+02 1.527527434622020905e+02 4.449228204765155965e+02
3.075211086250125163e+02 1.468985687936230136e+02 4.544196774186355015e+02
3.229993880631124057e+02 1.413326865460144859e+02 4.643320746091268916e+02
3.386094723637646666e+02 1.360833309927391781e+02 4.746928033565038731e+02
3.542983522532769030e+02 1.311546290392487606e+02 4.854529812925256920e+02
3.699766128341201465e+02 1.265406903116864612e+02 4.965173031458066362e+02
3.855330437736733415e+02 1.222350412996660367e+02 5.077680850733393640e+02
4.008434110082023949e+02 1.182359265127391836e+02 5.190793375209416354e+02
4.157752996644071004e+02 1.145485557790074438e+02 5.303238554434145726e+02
4.301908411159521393e+02 1.111853964907710690e+02 5.413762376067231799e+02
4.439486077697065411e+02 1.081653923347952428e+02 5.521140001045017698e+02
4.569054475161811411e+02 1.055127213491858527e+02 5.624181688653669653e+02
4.689186726664881917e+02 1.032554724722471065e+02 5.721741451387352981e+02
4.798488032994405899e+02 1.014244462171529904e+02 5.812732495165935234e+02
4.895629393638113811e+02 1.000521677317508278e+02 5.896151070955621663e+02
4.979387529861101598e+02 9.917212733571605554e+01 5.971108803218262437e+02
5.048690318585946670e+02 9.881820916445808223e+01 6.036872410230527066e+02
5.102665667651266972e+02 9.902427356021348714e+01 6.092908403253402412e+02
5.140693357024672423e+02 9.982377943534386588e+01 6.138931151378111508e+02
5.162454761952972149e+02 1.012494383235932531e+02 6.174949145188904822e+02
5.167978116543090437e+02 1.033327961558908044e+02 6.201306078101998764e+02
5.157675689962833303e+02 1.061036970608970051e+02 6.218712660571803781e+02
5.132368906047578321e+02 1.095896067769128308e+02 6.228264973816706060e+02
5.093298000259082414e+02 1.138147885080878581e+02 6.231445885339960569e+02
5.042113673614045979e+02 1.187993433542767576e+02 6.230107107156813981e+02
4.980849417953775742e+02 1.245581420632878462e+02 6.226430838586654772e+02
4.911874635880415667e+02 1.310996807777890467e+02 6.222871443658306134e+02
4.837830170405439389e+02 1.384248894629535869e+02 6.222079065034974974e+02
4.761549179037104977e+02 1.465259097078111665e+02 6.226808276115216358e+02
4.685967250448273376e+02 1.553848436369888191e+02 6.239815686818161566e+02
4.614026163798650941e+02 1.649724649617864145e+02 6.263750813416514802e+02
4.548575734019780157e+02 1.752468841494022627e+02 6.301044575513802783e+02
4.492277881509766644e+02 1.861521774563223630e+02 6.353799656072990274e+02
4.447516600442793333e+02 1.976170250042153782e+02 6.423686850484947399e+02
3.454590994076362449e+02 2.268387795175230508e+02 5.722978789251592389e+02
2.722724558288882122e+02 2.494847295546192925e+02 5.217571853835074762e+02
2.165529307469493006e+02 2.662334527219657048e+02 4.827863834689150053e+02
1.704460465356937391e+02 2.768266007990939670e+02 4.472726473347877345e+02
1.345215491282010873e+02 2.824499345249516864e+02 4.169714836531527453e+02
1.100475651009521272e+02 2.848283180458945480e+02 3.948758831468466610e+02
9.622305840504081687e+01 2.854160265674242964e+02 3.816390849724651275e+02
9.083438563714639713e+01 2.852250574859339167e+02 3.760594431230803139e+02
9.170627976134984749e+01 2.848966335139040780e+02 3.766029132752539113e+02
9.686256475789056708e+01 2.850869670106888520e+02 3.819495317685793907e+02
1.060672212155761116e+02 2.861533353868314293e+02 3.922205566024075551e+02
1.247328270193740423e+02 2.879969276856493821e+02 4.127297547050234243e+02
1.555550493460042105e+02 2.905167699427182697e+02 4.460718192887225086e+02
2.001106994485194548e+02 2.937066406500488824e+02 4.938173400985683656e+02
2.610837526119436802e+02 2.975462668228644247e+02 5.586300194348081050e+02
3.402788890552287171e+02 3.020205678605439061e+02 6.422994569157726801e+02
4.373875241210918716e+02 3.071604572967743252e+02 7.445479814178661400e+02
5.511206561905869421e+02 3.129683641803402452e+02 8.640890203709271873e+02
6.788046182392773744e+02 3.192366607307150161e+02 9.980412789699923906e+02
8.161508813987175017e+02 3.256371957321651394e+02 1.141788077130882584e+03
9.557605940783197411e+02 3.321054191889950289e+02 1.287866013267314884e+03
1.088194065999847908e+03 3.386373967093609849e+02 1.426831462709208836e+03
1.202802026860712886e+03 3.452150307772991482e+02 1.548017057638011920e+03
1.290578719743893771e+03 3.512137607951196401e+02 1.641792480539013468e+03
1.344467279145191696e+03 3.568965322352245835e+02 1.701363811380416337e+03
1.354884601744213796e+03 3.664021577730983950e+02 1.721286759517312248e+03
1.349016357735570637e+03 3.604154882117776992e+02 1.709431845947348393e+03
1.332589299864935128e+03 3.491965753129185828e+02 1.681785875177853768e+03
1.303270605130670447e+03 3.283936157086400272e+02 1.631664220839310474e+03
1.287143465330357003e+03 3.047864151406001270e+02 1.591929880470957187e+03
1.283775560736139596e+03 2.828468960052065313e+02 1.566622456741346014e+03
1.295957807623501139e+03 2.638530876353722192e+02 1.559810895258873416e+03
1.323401425426625792e+03 2.514211354669812408e+02 1.574822560893607033e+03
1.360525925213258233e+03 2.420794934891210062e+02 1.602605418702379211e+03
1.409925857772317840e+03 2.346426601445706694e+02 1.644568517916888595e+03
1.473833028914157012e+03 2.263126403559502080e+02 1.700145669270107192e+03
1.555581928522705539e+03 2.187638736663771226e+02 1.774345802189082633e+03
1.657563947811562684e+03 2.143076816286799442e+02 1.871871629440242714e+03
1.780250378763129675e+03 2.117775171787663737e+02 1.992027895941896077e+03
1.924405699234220720e+03 2.105298639625246722e+02 2.134935563196745534e+03
2.091061496531400735e+03 2.101090627112971561e+02 2.301170559242697891e+03
2.281331375828505770e+03 2.101832149059895016e+02 2.491514590734495414e+03
2.496242940850714604e+03 2.105188465567311198e+02 2.706761787407445809e+03
2.736651580438004657e+03 2.109598250457447364e+02 2.947611405483749422e+03
3.003188419079714095e+03 2.114055222997896806e+02 3.214593941379503576e+03
3.296209325580703990e+03 2.117914198817139777e+02 3.508000745462417854e+03
3.615741635235081048e+03 2.120746069335285426e+02 3.827816242168609733e+03
3.961435086602236879e+03 2.122242488386839057e+02 4.173659335440920586e+03
4.332522080935141275e+03 2.122159243310713350e+02 4.544738005266212895e+03
4.727789393933878273e+03 2.120286640487925069e+02 4.939818057982671235e+03
5.145561837397203817e+03 2.116438327233223049e+02 5.357205670120526520e+03
5.583697742547731650e+03 2.110452655935619077e+02 5.794743008141293103e+03
6.039595652591387989e+03 2.102202190486889890e+02 6.249815871640076693e+03
6.510211046864747004e+03 2.091607751765203602e+02 6.719371822041267478e+03
6.992081394646759691e+03 2.078653943636820713e+02 7.199946789010441535e+03
7.481357513568847025e+03 2.063403577831255404e+02 7.687697871351972935e+03
7.973839180058550482e+03 2.046008880806724335e+02 8.178440068139222603e+03
8.465013238131801700e+03 2.026717846272858026e+02 8.667685022759087587e+03
8.950093071350100217e+03 2.005874615211981222e+02 9.150680532871298055e+03
9.424059178850091484e+03 1.983913327047818882e+02 9.622450511554872719e+03
9.881701686374051860e+03 1.961345466696616882e+02 1.007783623304371395e+04
1.031766671175814372e+04 1.938741290576484744e+02 1.051154084081579276e+04
1.072650955272132524e+04 1.916706403301456874e+02 1.091818019305147027e+04
1.110275834499830489e+04 1.895854927914182326e+02 1.129234383778972369e+04
1.144099203639246298e+04 1.876780961128038427e+02 1.162867013250526725e+04
1.173593603322200579e+04 1.860030138804801254e+02 1.192193904710248535e+04
1.198257756027667529e+04 1.846073185838705797e+02 1.216718487886054572e+04
1.217630058836293574e+04 1.835283331596084793e+02 1.235982892152254499e+04
1.231303721213287645e+04 1.827919463071529833e+02 1.249582915844002855e+04
1.238942886800423184e+04 1.824116846601082500e+02 1.257184055266434007e+04
1.240298723146546035e+04 1.823887099720633671e+02 1.258537594143752358e+04
1.235224167176937590e+04 1.827128705906165465e+02 1.253495454235999205e+04
1.223685851419486971e+04 1.833648584765686849e+02 1.242022337267143848e+04
1.205771774487398761e+04 1.843193960185320179e+02 1.224203714089252026e+04
1.181693558637737988e+04 1.855492089254728114e+02 1.200248479530285294e+04
1.151782912538031815e+04 1.870293282026056545e+02 1.170485845358292318e+04
1.116482657363047110e+04 1.887409958988330914e+02 1.135356756952930482e+04
1.076329811195824186e+04 1.906747276955042878e+02 1.095397283965374663e+04
1.031940816968439321e+04 1.928320171189807297e+02 1.051224018680337394e+04
9.839897837024675027e+03 1.952243128591448453e+02 1.003512214988382038e+04
9.331789927348823767e+03 1.978709673061193541e+02 9.529660894654942240e+03
8.802135876528895096e+03 2.007989397300297867e+02 9.002934816258924911e+03
8.257868375806174299e+03 2.040426102386520597e+02 8.461910986044826132e+03
7.705701300668595650e+03 2.076393177077411849e+02 7.913340618376337261e+03
7.151995840265166407e+03 2.116200615172667199e+02 7.363615901782432957e+03
6.602646548822718614e+03 2.160005672516271318e+02 6.818647116074345831e+03
6.062995139489697067e+03 2.207765389119067834e+02 6.283771678401603822e+03
5.537783184492319378e+03 2.259235858085611710e+02 5.763706770300880635e+03
5.031125354274264282e+03 2.313996842534906477e+02 5.262525038527754987e+03
4.546472285920948707e+03 2.371482027757432149e+02 4.783620488696691609e+03
4.086611802940878079e+03 2.431018690590301787e+02 4.329713671999908001e+03
3.653670611505196121e+03 2.491859466172537623e+02 3.902856558122449769e+03
3.249149321270933797e+03 2.553207157946655741e+02 3.504470037065599172e+03
2.873969264908656442e+03 2.614221269776841154e+02 3.135391391886340443e+03
2.528515289283766379e+03 2.674018000378658826e+02 2.795917089321632375e+03
2.212533776865960135e+03 2.731746646827554059e+02 2.485708441548715655e+03
1.924962545490274351e+03 2.786815595562835028e+02 2.203644105046557797e+03
1.665388377181102214e+03 2.839688670905287609e+02 1.949357244271630861e+03
1.433122866722164645e+03 2.889379618183191951e+02 1.722060828540483726e+03
1.227035761210237524e+03 2.931771004568749390e+02 1.520212861667112520e+03
1.045705693880522404e+03 2.961165063045593797e+02 1.341822200185081783e+03
8.875212595735441710e+02 2.973188795209422324e+02 1.184840139094486403e+03
7.508303059011839196e+02 2.966835047241629013e+02 1.047513810625346878e+03
6.342604120929908049e+02 2.944034459057529602e+02 9.286638579987437652e+02
5.360310166411306909e+02 2.907514273030924414e+02 8.267824439442231323e+02
4.549280037566725241e+02 2.862084760733069970e+02 7.411364798299795211e+02
3.894203378567373193e+02 2.813214608964860872e+02 6.707417987532234065e+02
3.381907616721525187e+02 2.767668321863963001e+02 6.149575938585487620e+02
2.992076588664854171e+02 2.731098109081610801e+02 5.723174697746464972e+02
2.699854847962050712e+02 2.706258547404657975e+02 5.406113395366708119e+02
2.480698541802659349e+02 2.692990074780179839e+02 5.173688616582838904e+02
2.313439700769056344e+02 2.688968211644501025e+02 5.002407912413557369e+02
2.181256791798304562e+02 2.690530948372381772e+02 4.871787740170686334e+02
2.071409276521927723e+02 2.693404257812419473e+02 4.764813534334347196e+02
1.974574420640537937e+02 2.693326013184478143e+02 4.667900433825016080e+02
1.884193903683153337e+02 2.686599191778483942e+02 4.570793095461636995e+02
1.795940757986321898e+02 2.670560985092212718e+02 4.466501743078534901e+02
1.707298521049218891e+02 2.643906609443490652e+02 4.351205130492709259e+02
1.617212132638583739e+02 2.606795046325824501e+02 4.224007178964408240e+02
1.525762798376645151e+02 2.560700708961509804e+02 4.086463507338154955e+02
1.433828772313368631e+02 2.508044016384204156e+02 3.941872788697572787e+02
1.342725682292345937e+02 2.451699345427873880e+02 3.794425027720219532e+02
1.253860069274407607e+02 2.394507011578195375e+02 3.648367080852602840e+02
1.168451377656410415e+02 2.338895790709088658e+02 3.507347168365499215e+02
1.087365719263656274e+02 2.286669827342807650e+02 3.374035546606463640e+02
1.011069307642891886e+02 2.238956948528635849e+02 3.250026256171527734e+02
9.396744863738129538e+01 2.196276763106816077e+02 3.135951249480629031e+02
8.730346098475024519e+01 2.158673606381539685e+02 3.031708216229042137e+02
8.108476866762535451e+01 2.125865883035468187e+02 2.936713569711721448e+02
7.527435221988217506e+01 2.097379367770934095e+02 2.850122889969755988e+02
6.983446689649008476e+01 2.072648807439000791e+02 2.770993476403901923e+02
6.472058397388934736e+01 2.050524123073164731e+02 2.697729962812057920e+02
5.983907728583089636e+01 2.026816068964874376e+02 2.625206841823183481e+02
5.511304463738962767e+01 1.998081009273850555e+02 2.549211455647746902e+02
5.050421168772777492e+01 1.962698960506496064e+02 2.467741077383773813e+02
4.600257187309453144e+01 1.920189294125731578e+02 2.380215012856676822e+02
4.161826220018259903e+01 1.870800690565941693e+02 2.286983312567767825e+02
3.737483769881092854e+01 1.815252614008792023e+02 2.189000990996901237e+02
3.330371581190946983e+01 1.754560284212254544e+02 2.087597442331349384e+02
2.943966831966530506e+01 1.689897987454138786e+02 1.984294670650791943e+02
2.581719926402763221e+01 1.622547940955488173e+02 1.880719933595764530e+02
2.246813787306434307e+01 1.553744103560851215e+02 1.778425482291494575e+02
1.941889268014993775e+01 1.484676568618321824e+02 1.678865495419821059e+02
1.669014025403964752e+01 1.416431100422417444e+02 1.583332502962813919e+02
1.429571510499242848e+01 1.349962140218075604e+02 1.492919291267999995e+02
1.224236867604721901e+01 1.286076296238410350e+02 1.408499982998882558e+02
1.053006013169853006e+01 1.225426012567862557e+02 1.330726613884847893e+02
9.152654744260257047e+00 1.168511614624846828e+02 1.260038162067449434e+02
8.098935929354958319e+00 1.115689673288993049e+02 1.196679032582542561e+02
7.353831930280822604e+00 1.067185726629138003e+02 1.140724045931946193e+02
6.899750828220953203e+00 1.023109627083982360e+02 1.092107135366191955e+02
6.717916475542550891e+00 9.834720655431016212e+01 1.050651230298527139e+02
6.789605196148785993e+00 9.482011229316024981e+01 1.016097174893090340e+02
7.097198156754848775e+00 9.171579914574864745e+01 9.881299730250349000e+01
7.624985340119166288e+00 8.901512773227665321e+01 9.664011307239582038e+01
8.359681583402466032e+00 8.669495353002797344e+01 9.505463511343043592e+01
9.290640613246411661e+00 8.472918874154215985e+01 9.401982935478856973e+01
1.040977709781972216e+01 8.308967401498526328e+01 9.349945111280499077e+01
1.171122760428000298e+01 8.174687369102993273e+01 9.345810129530993038e+01
1.319079773221981888e+01 8.067041672804063523e+01 9.386121446026045589e+01
1.484525389888752400e+01 7.982951060102719509e+01 9.467476449991471554e+01
1.667152409644263500e+01 7.919325780470065013e+01 9.586478190114328868e+01
1.866587264576506300e+01 7.873090465459890197e+01 9.739677730036396497e+01
2.082311005472179133e+01 7.841205034853179257e+01 9.923516040325358745e+01
2.313589127819503588e+01 7.820684110245716170e+01 1.013427323806521940e+02
2.559414484109239041e+01 7.808616989369288319e+01 1.036803147347852700e+02
2.818466238829793014e+01 7.802189715353966903e+01 1.062065595418376063e+02
3.089086429540019907e+01 7.798710186472345640e+01 1.088779661601236626e+02
3.369274307160588222e+01 7.795636619245742338e+01 1.116491092640632985e+02
3.656697346419729655e+01 7.790609034426722701e+01 1.144730638084645307e+02
3.948716742358536891e+01 7.781482823178312458e+01 1.173019956553685006e+02
4.242424427235439310e+01 7.766362918012657701e+01 1.200878734524809772e+02
4.534542200927316458e+01 7.744105852821336100e+01 1.227864805374865256e+02
4.817298326857077484e+01 7.727156582591418044e+01 1.254445490944849553e+02
5.078420171053031140e+01 7.738407602702352506e+01 1.281682777375538365e+02
5.306561692718190670e+01 7.792861733430727611e+01 1.309942342614891686e+02
5.491243441689833560e+01 7.900186129428138315e+01 1.339142957111797045e+02
5.622913437851055818e+01 8.067005213948824860e+01 1.368991865179987997e+02
5.693216734587095118e+01 8.298229143249098172e+01 1.399144587783619329e+02
5.695400009101673788e+01 8.597807120485316545e+01 1.429320712958698891e+02
5.624818699541799560e+01 8.969130050591215308e+01 1.459394875013301487e+02
5.479509764554692453e+01 9.415212304350546901e+01 1.489472206890523864e+02
5.260777280635810627e+01 9.938728634609397261e+01 1.519950591524520860e+02
4.973719235172099928e+01 1.054195129254225662e+02 1.551567052771435726e+02
4.627607060865028643e+01 1.122661386371290604e+02 1.585422092457793610e+02
4.236019955560024641e+01 1.199371666002472523e+02 1.622973661558474987e+02
3.816639466802040914e+01 1.284328069943405808e+02 1.665992016623609970e+02
3.390631206345172899e+01 1.377405213142252194e+02 1.716468333776769555e+02
2.981582617599090668e+01 1.478315651604481218e+02 1.776473913364390285e+02
2.614026892080396536e+01 1.586572760491400800e+02 1.847975449699440560e+02
2.311971780583156644e+01 1.701441020010783802e+02 1.932638198069099360e+02
2.095397722778429284e+01 1.821908611870448453e+02 2.031448384148291382e+02
1.981337910789063272e+01 1.946612586819829005e+02 2.144746377898735261e+02
1.980046175531804309e+01 2.073824466013518872e+02 2.271829083566699410e+02
2.094638724251797157e+01 2.201452853282465298e+02 2.410916725707645014e+02
2.320961938832260074e+01 2.327077302763800049e+02 2.559173496647026127e+02
2.648143141577746817e+01 2.448033246248854198e+02 2.712847560406628986e+02
3.059874731076593690e+01 2.561556392804259303e+02 2.867543865911918601e+02
3.536335663448546995e+01 2.664982229926592936e+02 3.018615796271447493e+02
4.056565621757084728e+01 2.755980193178901914e+02 3.161636755354610386e+02
4.601028269496472234e+01 2.832786452565963486e+02 3.292889279515610497e+02
5.154028053454718616e+01 2.894390293322559273e+02 3.409793098668031348e+02
5.705608962770762815e+01 2.940632290648778167e+02 3.511193186925854661e+02
6.252608022466215942e+01 2.972149803809194282e+02 3.597410606055815947e+02
6.798650026882326358e+01 2.990428039696487303e+02 3.670293042384719797e+02
7.353467029478939310e+01 2.997272582059129604e+02 3.732619285007023677e+02
7.930795958345044028e+01 2.994822474129834404e+02 3.787902069964338807e+02
8.546718458514469319e+01 2.985225218821541375e+02 3.839897064672988449e+02
9.217701612816138379e+01 2.970432450710339936e+02 3.892202611991953631e+02
9.959060432272610797e+01 2.952069876882350172e+02 3.947975920109611252e+02
1.078389586887357297e+02 2.931420087157125636e+02 4.009809674044482790e+02
1.170289627959764829e+02 2.909233853346908063e+02 4.079523481306673034e+02
1.272184265160568089e+02 2.886121634871298056e+02 4.158305900031866145e+02
1.384547454320525048e+02 2.862301287188834067e+02 4.246848741509359115e+02
1.507531947768750626e+02 2.837792797064852266e+02 4.345324744833602608e+02
1.641053757287011194e+02 2.812511447576640080e+02 4.453565204863651275e+02
1.784850259019911789e+02 2.786335335638413540e+02 4.571185594658325044e+02
1.938538053030979142e+02 2.759158871516415275e+02 4.697696924547394701e+02
2.101669815713293588e+02 2.730934142950255250e+02 4.832603958663548838e+02
2.273353280052106129e+02 2.701663204120670230e+02 4.975016484172776359e+02
2.452958156505822274e+02 2.671225947931607720e+02 5.124184104437430278e+02
2.642812472392414520e+02 2.639444979703844751e+02 5.282257452096259840e+02
2.843484333086873335e+02 2.606385321515208489e+02 5.449869654602082392e+02
3.058878025645129242e+02 2.572161455526796203e+02 5.631039481171925445e+02
3.294951919677204728e+02 2.537185792075751749e+02 5.832137711752956193e+02
3.555764874129590680e+02 2.502441412740253952e+02 6.058206286869844917e+02
3.844744769617920497e+02 2.469104951023129502e+02 6.313849720641049998e+02
4.164899899371455376e+02 2.438115432072138447e+02 6.603015331443593823e+02
4.517867190682151204e+02 2.410071013269036655e+02 6.927938203951188143e+02
4.904767835847994775e+02 2.385148832423510328e+02 7.289916668271505387e+02
5.324961646168219431e+02 2.363114695450664158e+02 7.688076341618883589e+02
5.783250258666021182e+02 2.342838989410731472e+02 8.126089248076752938e+02
6.289485188131649238e+02 2.323100899898441867e+02 8.612586088030091105e+02
6.847760907571035887e+02 2.303537848392499257e+02 9.151298755963534859e+02
7.461291878222905325e+02 2.284350499650309132e+02 9.745642377873214173e+02
8.132702251958467059e+02 2.265455770391324393e+02 1.039815802234979174e+03
8.864006916076925791e+02 2.245090199830140421e+02 1.110909711590706593e+03
9.658431065099100579e+02 2.221559076866332418e+02 1.187999014196543385e+03
1.051914156391644383e+03 2.194149204955431856e+02 1.271329076887187512e+03
1.145096843467811823e+03 2.162659035602592041e+02 1.361362747028070999e+03
1.245839632310647403e+03 2.127299963264892710e+02 1.458569628637136702e+03
1.354651347736511070e+03 2.088668420691034555e+02 1.563518189805614611e+03
1.472203356773344012e+03 2.047382662581985358e+02 1.676941623031542576e+03
1.599153889372832282e+03 2.004087089511399711e+02 1.799562598323972225e+03
1.736068142948630793e+03 1.959566455634479780e+02 1.932024788512078885e+03
1.883409272097561825e+03 1.914703720367422761e+02 2.074879644134304272e+03
2.041520793650769747e+03 1.870349384980548280e+02 2.228555732148824518e+03
2.210590925735706151e+03 1.827217022869836569e+02 2.393312628022689751e+03
2.390612437657877308e+03 1.785835871174855640e+02 2.569196024775362730e+03
