3.586162737617331004e+03 1.108459241109783449e+02 3.697008661728309562e+03
1.002176690595361833e+04 1.074978489415907887e+02 1.012926475489520999e+04
2.975329454937959235e+04 1.531592355055629469e+02 2.990645378488515416e+04
2.921256522610526372e+04 1.114518360806466291e+02 2.932401706218591062e+04
1.065205081902573511e+04 1.309777129112438558e+02 1.078302853193697956e+04
3.190912537184018674e+03 1.650046118845897922e+02 3.355917149068608524e+03
1.174874979886483743e+03 1.360297058209420413e+02 1.310904685707425870e+03
5.522548124468096375e+02 1.222409779082472312e+02 6.744957903550568972e+02
3.787147662018351184e+02 1.224776844580992758e+02 5.011924506599343658e+02
3.323040727300309527e+02 1.259793005189172561e+02 4.582833732489482372e+02
3.124106506451408904e+02 1.297230263137566055e+02 4.421336769588974676e+02
2.946750340680936802e+02 1.330543269524427785e+02 4.277293610205364303e+02
2.758629655690147047e+02 1.358554068319575094e+02 4.117183724009722141e+02
2.568458486054466903e+02 1.379456619858198110e+02 3.947915105912665013e+02
2.379937254455076072e+02 1.394202978684948278e+02 3.774140233140024066e+02
2.199472209682133439e+02 1.404389900684925863e+02 3.603862110367059586e+02
2.032213771531194197e+02 1.411118900499542406e+02 3.443332672030736603e+02
1.880923965069876829e+02 1.416181506230293508e+02 3.297105471300170620e+02
1.746726731968043396e+02 1.437726939157967934e+02 3.184453671126011614e+02
1.633451243000505144e+02 1.501988415987337930e+02 3.135439658987843359e+02
1.545578663966692829e+02 1.548657139059995416e+02 3.094235803026688245e+02
1.489456811385229855e+02 1.562261246110797117e+02 3.051718057496026972e+02
1.460564751105527819e+02 1.518165426797989710e+02 2.978730177903517529e+02
1.443671460990499895e+02 8.275799449733105462e+01 2.271251405963810441e+02
1.323349267624745664e+02 5.648421619673203509e+01 1.888191429592066015e+02
1.154699414932874930e+02 4.563573783667473549e+01 1.611056793299622427e+02
9.853391312580109229e+01 4.111355665380295221e+01 1.396474697796040516e+02
8.311440106960380092e+01 3.919793396691852649e+01 1.223123350365223274e+02
6.958429739300562744e+01 3.888421059204573993e+01 1.084685079850513603e+02
5.793858094906978096e+01 3.982062033756557895e+01 9.775920128663535991e+01
4.809372974312583437e+01 4.150768210376467948e+01 8.960141184689051386e+01
3.987831746478271810e+01 4.362027772230273825e+01 8.349859518708545636e+01
3.308267648107815972e+01 4.594128332173600882e+01 7.902395980281417565e+01
2.749151435208610295e+01 4.832372347884922448e+01 7.581523783093533098e+01
2.290512700215451503e+01 5.066992054182532002e+01 7.357504754397983504e+01
1.914750545343759924e+01 5.291711320591446821e+01 7.206461865935206390e+01
1.606907000313837841e+01 5.502866757368289541e+01 7.109773757682127382e+01
1.354223371809759868e+01 5.698415789501482465e+01 7.052639161311242333e+01
1.146442955095361071e+01 5.877586875243303410e+01 7.024029830338665192e+01
9.750827414635162782e+00 6.040413163438905997e+01 7.015495904902422808e+01
8.332564129609608017e+00 6.187428525381136524e+01 7.020684938342097325e+01
7.155223830934837714e+00 6.319550080958634908e+01 7.035072464052119301e+01
6.170992562121774050e+00 6.437767504641720961e+01 7.054866760853897745e+01
5.345913157107003322e+00 6.543203840820414996e+01 7.077795156531115595e+01
4.652445241626835148e+00 6.637052336217892901e+01 7.102296860380576504e+01
4.063539836524244109e+00 6.720371053732839073e+01 7.126725037385263306e+01
3.564621135467366031e+00 6.794265628808109625e+01 7.150727742354845873e+01
3.136283326807348448e+00 6.859683758455219049e+01 7.173312091135953494e+01
2.769068265548702445e+00 6.917533985854251455e+01 7.194440812409121122e+01
2.452882720466408983e+00 6.968645782387973497e+01 7.213934054434614040e+01
2.179488422559713978e+00 7.013770966637569870e+01 7.231719808893541313e+01
1.942168404422675687e+00 7.053586216667447673e+01 7.247803057109715041e+01
1.735415415917584969e+00 7.088699784748941113e+01 7.262241326340699743e+01
1.554680486360151326e+00 7.119656268039301494e+01 7.275124316675317004e+01
1.396183140568249881e+00 7.146931522129413850e+01 7.286549836186239304e+01
1.258102827020697978e+00 7.170979046053895445e+01 7.296789328755964732e+01
1.134394797011588185e+00 7.192165059633202873e+01 7.305604539334362357e+01
1.025195038011180726e+00 7.210828683826935048e+01 7.313348187628052699e+01
9.285111526508048607e-01 7.227269842374876418e+01 7.320120957639956316e+01
8.426385078068150403e-01 7.241746657153751698e+01 7.326010507934432781e+01
7.672172504097163337e-01 7.254509877206596968e+01 7.331231602247568446e+01
6.983102772262900215e-01 7.265753512168006978e+01 7.335584539890635369e+01
6.367952674531099921e-01 7.275653471882789347e+01 7.339332998628100313e+01
5.826546451569701857e-01 7.284386273567776016e+01 7.342651738083472424e+01
5.326410143221101956e-01 7.292081624005285789e+01 7.345345725437496753e+01
4.877382974997349629e-01 7.298858414347753865e+01 7.347632244097727039e+01
4.481029958682946623e-01 7.304841254738590806e+01 7.349651554325420477e+01
4.110837591959646820e-01 7.310115769914018813e+01 7.351224145833614898e+01
3.776526731718934937e-01 7.314761775994638526e+01 7.352527043311827981e+01
3.480461732665881547e-01 7.318867858715007912e+01 7.353672476041666073e+01
3.201185792050225687e-01 7.322489789158346696e+01 7.354501647078849658e+01
2.947571125903541978e-01 7.325680839086396645e+01 7.355156550345432720e+01
2.722187686009766017e-01 7.328504623582124111e+01 7.355726500442222004e+01
2.507869973396393837e-01 7.330991843375001338e+01 7.356070543108965865e+01
2.317327291839823000e-01 7.333195211065590513e+01 7.356368483983989393e+01
2.135635210266673412e-01 7.335135234423327688e+01 7.356491586525994819e+01
1.974045310760302319e-01 7.336856141695749045e+01 7.356596594803352218e+01
1.819517676291864672e-01 7.338370498342210624e+01 7.356565675105129287e+01
1.681918421618140980e-01 7.339715930647949449e+01 7.356535114864131231e+01
1.550057453654467288e-01 7.340898858380734282e+01 7.356399432917278602e+01
1.432446049372546049e-01 7.341945810353195156e+01 7.356270270846920312e+01
1.322842824651631610e-01 7.342879118047039810e+01 7.356107546293556254e+01
1.217613639437023498e-01 7.343696825795414895e+01 7.355872962189785369e+01
1.123824556154398441e-01 7.344421111212572839e+01 7.355659356774117441e+01
1.036593761785034734e-01 7.345062494321496160e+01 7.355428431939346012e+01
9.552656545494900286e-02 7.345630361700503386e+01 7.355183018245998028e+01
8.796165923996071556e-02 7.346142942496025796e+01 7.354939108420022364e+01
8.074633904138527052e-02 7.346593462713238409e+01 7.354668096617376705e+01
7.411936161837949510e-02 7.346982574392063725e+01 7.354394510553902364e+01
6.820729775840926601e-02 7.347337038064794967e+01 7.354157767840635529e+01
6.260078845149426308e-02 7.347641100224028321e+01 7.353901179069177374e+01
5.751854981199850531e-02 7.347920163843933494e+01 7.353672018825133705e+01
5.272083920824999909e-02 7.348157454889417295e+01 7.353429538810242150e+01
4.835785983605916244e-02 7.348368662895929049e+01 7.353204448879534993e+01
4.433414533900614102e-02 7.348566033993084545e+01 7.352999448526985304e+01
4.054194541105862748e-02 7.348729372402873139e+01 7.352783566943979565e+01
3.707170426776172645e-02 7.348884612620138057e+01 7.352591783046914031e+01
3.385772327912811575e-02 7.349019550682436375e+01 7.352405323010349036e+01
3.087922405367556772e-02 7.349129638286731847e+01 7.352217560692099596e+01
2.817851471764035165e-02 7.349236991618320758e+01 7.352054843090084546e+01
