3.530274737617330629e+03 5.073383922642441490e+01 3.581008576843755236e+03
4.090223508229891195e+03 2.512699648896222016e+01 4.115350504718853699e+03
1.349249964845953627e+03 1.568933279764458177e+01 1.364939297643598138e+03
6.452155163465143914e+02 1.038409071558822205e+01 6.555996070621025638e+02
4.196766080827813994e+02 9.071464039949933778e+00 4.287480721227313438e+02
3.167622662463830920e+02 8.444433734499252608e+00 3.252066999808823198e+02
2.714241654573717710e+02 8.103371281036018559e+00 2.795275367384077754e+02
2.496559697350336933e+02 7.929401039603741985e+00 2.575853707746374539e+02
2.373521236388235991e+02 8.751579539064987756e+00 2.461037031778885762e+02
2.278237858331434893e+02 1.000429423454344757e+01 2.378280800676869262e+02
2.177277365120490060e+02 1.092723586965901283e+01 2.286549723817080064e+02
2.065245726252869076e+02 1.148181941468566869e+01 2.180063920399725816e+02
1.941273522905564732e+02 1.176680449707961884e+01 2.058941567876360921e+02
1.807115146356355808e+02 1.142235485930986449e+01 1.921338694949454577e+02
1.668441539340212501e+02 1.090214032283522982e+01 1.777462942568564870e+02
1.529396904826281229e+02 1.050699585225507349e+01 1.634466863348831964e+02
1.392300535535484869e+02 1.022512065862957620e+01 1.494551742121780649e+02
1.259905190205127639e+02 9.988254537938892952e+00 1.359787735584516497e+02
1.134285208346382774e+02 9.930248757153746553e+00 1.233587695917920257e+02
1.017252155254350896e+02 1.053211030111199342e+01 1.122573258265470884e+02
9.127679791723829794e+01 1.144270503532682071e+01 1.027195029525651222e+02
8.278777470793036741e+01 9.040288615836368891e+00 9.182806332376674163e+01
7.471301629635038921e+01 5.197867918490220340e+00 7.991088421484060689e+01
6.454571912748987472e+01 3.753853028762267563e+00 6.829957215625213962e+01
5.418813655128874984e+01 3.168145211759322066e+00 5.735628176304807369e+01
4.471497704652534111e+01 2.956509271758715141e+00 4.767148631828405314e+01
3.652820515632521392e+01 2.930835338548072766e+00 3.945904049487328535e+01
2.967194596874375634e+01 3.011167610783671567e+00 3.268311357952742924e+01
2.403690454741222382e+01 3.152947818556028459e+00 2.718985236596825317e+01
1.945915472140992364e+01 3.328136226364192929e+00 2.278729094777411746e+01
1.576697214813364489e+01 3.518227909139842069e+00 1.928520005727348519e+01
1.280162438739934494e+01 3.711008148138581042e+00 1.651263253553792509e+01
1.042507119919656944e+01 3.898631665399900470e+00 1.432370286459646991e+01
8.521337778293380794e+00 4.076310246241873436e+00 1.259764802453525334e+01
6.995054602476533212e+00 4.241370651554935201e+00 1.123642525403146841e+01
5.768916825509813329e+00 4.392575716836763178e+00 1.016149254234657562e+01
4.780905497201542786e+00 4.529640498399015947e+00 9.310545995600559621e+00
3.981649858571755018e+00 4.652892002587830866e+00 8.634541861159586773e+00
3.332081716893431356e+00 4.763032602801860804e+00 8.095114319695291272e+00
2.801424233616855108e+00 4.860977676488892563e+00 7.662401910105748115e+00
2.365507786990455941e+00 4.947745207570716452e+00 7.313252994561172393e+00
2.005384059437314903e+00 5.024382171802812991e+00 7.029766231240127894e+00
1.706201716385244760e+00 5.091916582448409834e+00 6.798118298833654372e+00
1.456305698747297095e+00 5.151327288907171287e+00 6.607632987654468160e+00
1.246523534838201330e+00 5.203526402497240966e+00 6.450049937335442074e+00
1.069605555761232729e+00 5.249350351779700219e+00 6.318955907540932948e+00
9.197897357064703794e-01 5.289556796659582893e+00 6.209346532366053495e+00
7.924658370977369914e-01 5.324825545760755396e+00 6.117291382858492277e+00
6.839177791664163841e-01 5.355762007477903985e+00 6.039679786644320814e+00
5.911268092493886517e-01 5.382902164158506864e+00 5.974028973407895293e+00
5.116214335336040087e-01 5.406718351581742077e+00 5.918339785115346530e+00
4.433629769355249550e-01 5.427625342895290750e+00 5.870988319830815705e+00
3.846580905852876042e-01 5.445986397338542062e+00 5.830644487923829722e+00
3.340915320036307312e-01 5.462119053207032948e+00 5.796210585210663346e+00
2.904741504118886763e-01 5.476300531570141850e+00 5.766774681982030692e+00
2.528022713179192138e-01 5.488772679747870420e+00 5.741574951065789634e+00
2.202256471816966821e-01 5.499746427300535423e+00 5.719972074482232216e+00
1.920218788913110319e-01 5.509405756867635340e+00 5.701427635758946622e+00
1.675757648139889200e-01 5.517911211229406199e+00 5.685486976043395480e+00
1.463624421952317012e-01 5.525402969303621958e+00 5.671765411498853382e+00
1.279334842250613447e-01 5.532003529644403450e+00 5.659937013869464906e+00
1.119053328392140834e-01 5.537820042072937987e+00 5.649725374912152098e+00
9.794960385288146998e-02 5.542946327615804414e+00 5.640895931468685731e+00
8.578491379403968553e-02 5.547464624891229157e+00 5.633249538685269009e+00
7.516995912489264631e-02 5.551447098140563696e+00 5.626617057265455912e+00
6.589763746710428083e-02 5.554957138721651866e+00 5.620854776188756396e+00
5.779004353548294892e-02 5.558050488380322562e+00 5.615840531915805123e+00
5.069420441880734263e-02 5.560776209201041098e+00 5.611470413619848330e+00
4.447844293039444896e-02 5.563177521931951475e+00 5.607655964862345854e+00
3.902927629231132955e-02 5.565292531450278801e+00 5.604321807742589812e+00
3.424877201274276195e-02 5.567154855509856226e+00 5.601403627522598683e+00
3.005229456367613378e-02 5.568794170596523152e+00 5.598846465160199237e+00
2.636658611742693364e-02 5.570236686696299344e+00 5.596603272813726271e+00
2.312813267035431289e-02 5.571505561034025611e+00 5.594633693704380129e+00
2.028177372470789386e-02 5.572621259339853417e+00 5.592903033064561491e+00
1.777951956184367285e-02 5.573601871919933615e+00 5.591381391481776930e+00
1.557954519752227131e-02 5.574463390718479516e+00 5.590042935916001987e+00
1.364533449110641623e-02 5.575219952635259268e+00 5.588865287126365544e+00
1.194495168253157519e-02 5.575884053582047528e+00 5.587829005264579152e+00
1.045042093069389368e-02 5.576466737102721005e+00 5.586917158033414488e+00
9.137197287270909865e-03 5.576977760825888808e+00 5.586114958113159723e+00
7.983715014206881067e-03 5.577425743550311843e+00 5.585409458564519092e+00
6.971001287437923397e-03 5.577818295368112800e+00 5.584789296655550572e+00
6.082345164812795642e-03 5.578162132896994585e+00 5.584244478061807015e+00
5.303013269116552478e-03 5.578463181410707072e+00 5.583766194679824046e+00
4.620004980500383614e-03 5.578726665417907071e+00 5.583346670398407596e+00
4.021841075847527001e-03 5.578957189036907849e+00 5.582979030112755758e+00
3.498380722179996512e-03 5.579158807341161541e+00 5.582657188063341103e+00
3.040662550691163642e-03 5.579335089703034711e+00 5.582375752253725842e+00
2.640766228377068679e-03 5.579489176037330189e+00 5.582129942265707356e+00
2.291691524089118671e-03 5.579623826736473724e+00 5.581915518260562870e+00
1.987252351433314423e-03 5.579741466999429633e+00 5.581728719350863344e+00
1.721983676570775380e-03 5.579844226174324184e+00 5.581566209850895355e+00
1.491059517352435072e-03 5.579933972654345098e+00 5.581425032171697609e+00
1.290220541249460957e-03 5.580012344818364944e+00 5.581302565359614221e+00
1.115710002668707061e-03 5.580080778453742951e+00 5.581196488456411586e+00
9.642169547548086863e-04 5.580140531042625973e+00 5.581104747997381210e+00
8.328258312136762676e-04 5.580192703255764108e+00 5.581025529086978132e+00
7.189716270042606841e-04 5.580238257960858483e+00 5.580957229587863111e+00
6.204000173673199399e-04 5.580278037019668957e+00 5.580898437037036253e+00
