3.625362737564931649e+03 2.138566297552337687e+02 3.839219367320165475e+03
1.865823516458729137e+04 2.077950384380276603e+02 1.886603020302531877e+04
6.389532311407276575e+04 2.302305702458446035e+02 6.412555368431861280e+04
3.939711783571133128e+04 1.846444404852615548e+02 3.958176227619659039e+04
1.007504276804663095e+04 2.425377716286606073e+02 1.031758053967529122e+04
3.468246399807836497e+03 2.960840968203290799e+02 3.764330496628165747e+03
1.655076900677272306e+03 3.179632797181758974e+02 1.973040180395448260e+03
9.431337976829557874e+02 3.270111143135389966e+02 1.270144911996494784e+03
6.301682642642647352e+02 2.272646407387197769e+02 8.574329050029845121e+02
4.884075906853641982e+02 1.931524861114928910e+02 6.815600767968570608e+02
4.221048287907706253e+02 1.822869404019710089e+02 6.043917691927416627e+02
3.840253419005805426e+02 1.790957510787418130e+02 5.631210929793223841e+02
3.584280314600899828e+02 1.782725269076443908e+02 5.367005583677344021e+02
3.407495624725881385e+02 1.826240849183346597e+02 5.233736473909227698e+02
3.283993631842828904e+02 1.904978768517830190e+02 5.188972400360659094e+02
3.174666624207838481e+02 2.017792336329002012e+02 5.192458960536840777e+02
3.070946025872573273e+02 2.155924004642919272e+02 5.226870030515492545e+02
2.970308164257747308e+02 2.313422822944410768e+02 5.283730987202158076e+02
2.873380162186114717e+02 2.470646010007726545e+02 5.344026172193841830e+02
2.791001178940106797e+02 2.606003410237344724e+02 5.397004589177452090e+02
2.727197453277865975e+02 2.708190576388594764e+02 5.435388029666460170e+02
2.692830180543824667e+02 2.727895731055622832e+02 5.420725911599447500e+02
2.700008197109268622e+02 2.365121403209044502e+02 5.065129600318313123e+02
2.715622186223853305e+02 1.563501701918972060e+02 4.279123888142825081e+02
2.635115339975432676e+02 1.117132467921766903e+02 3.752247807897199436e+02
2.458399074957328878e+02 8.603912296024498119e+01 3.318790304559778406e+02
2.258345058681542525e+02 7.124966888081863203e+01 2.970841747489728846e+02
2.067663181607220224e+02 6.314906396132692379e+01 2.699153821220489249e+02
1.895919889198902410e+02 5.942393102149165429e+01 2.490159199413818953e+02
1.744014653396106667e+02 5.870828941494654885e+01 2.331097547545572297e+02
1.610761330165535696e+02 6.011761507856424913e+01 2.211937480951178259e+02
1.494741134373469436e+02 6.301622855780552612e+01 2.124903419951524768e+02
1.394427614475103496e+02 6.690670454096593289e+01 2.063494659884762825e+02
1.308266136010111325e+02 7.138591924579073122e+01 2.022125328468018779e+02
1.234508926743000501e+02 7.612922832738526324e+01 1.995801210016853133e+02
1.171295300244231754e+02 8.088488017279304643e+01 1.980144101972162218e+02
1.116773714347314268e+02 8.546947698702277307e+01 1.971468484217542141e+02
1.069046891719491015e+02 8.975960420044216903e+01 1.966642933723912847e+02
1.026503814598559359e+02 9.368267451545295899e+01 1.963330559753088949e+02
9.876975619906014003e+01 9.720575849672634661e+01 1.959755146957865009e+02
9.514311892743640442e+01 1.003250468610058022e+02 1.954681657884422066e+02
9.167674262463296486e+01 1.030565693270296208e+02 1.947333119516625857e+02
8.830174952234996510e+01 1.054286340839704792e+02 1.937303836063204585e+02
8.497151129097912303e+01 1.074760568225449191e+02 1.924475681135240279e+02
8.165816694757612026e+01 1.092360150689209490e+02 1.908941820164970693e+02
7.834879111358171144e+01 1.107452539551315454e+02 1.890940450687132568e+02
7.504162863574546805e+01 1.120383442610236813e+02 1.870799728967691635e+02
7.174267973087829375e+01 1.131467444675320451e+02 1.848894241984103246e+02
6.845735012547032738e+01 1.140982381837282560e+02 1.825555883091985834e+02
6.521001056117029293e+01 1.149171064624769798e+02 1.801271170236472585e+02
6.201834663449768215e+01 1.156241321072830601e+02 1.776424787417807352e+02
5.889662392746473074e+01 1.162368286949528624e+02 1.751334526224175931e+02
5.586479781643349440e+01 1.167700127438219653e+02 1.726348105602554597e+02
5.291737442423450233e+01 1.172358701022881320e+02 1.701532445265226272e+02
5.006664456626165816e+01 1.176450188924511338e+02 1.677116634587127919e+02
4.730724754950500710e+01 1.180068514370076400e+02 1.653140989865126471e+02
4.463701187415840366e+01 1.183287359827977667e+02 1.629657478569561704e+02
4.206352059106252739e+01 1.186166006706673954e+02 1.606801212617299370e+02
3.957961361704554548e+01 1.188750355604234699e+02 1.584546491774690082e+02
3.719145375334564818e+01 1.191079086152450515e+02 1.562993623685906925e+02
3.489331224392286401e+01 1.193182440769051311e+02 1.542115563208279809e+02
3.268990888297265229e+01 1.195087281069107661e+02 1.521986369898834255e+02
3.057680619783940301e+01 1.196814978299724004e+02 1.502583040278117892e+02
2.855611580152875462e+01 1.198383726174583757e+02 1.483944884189871232e+02
2.662806930194586741e+01 1.199810770073284516e+02 1.466091463092743084e+02
2.478965678241398862e+01 1.201109375561098034e+02 1.449005943385238027e+02
2.304134573318702905e+01 1.202291737955505369e+02 1.432705195287375659e+02
2.138210991320632814e+01 1.203368537966018010e+02 1.417189637098081221e+02
1.981059500005889262e+01 1.204349151967087721e+02 1.402455101967676683e+02
1.832529915287119593e+01 1.205241095130870121e+02 1.388494086659582081e+02
1.692449527114790442e+01 1.206053061959130019e+02 1.375298014670609064e+02
1.560623338897748624e+01 1.206791552393405595e+02 1.362853886283180600e+02
1.436818966717757462e+01 1.207462399313968149e+02 1.351144295985743895e+02
1.320809431141547208e+01 1.208070861080837233e+02 1.340151804194991882e+02
1.212347499025412212e+01 1.208621698721987059e+02 1.329856448624528298e+02
1.111167358637530889e+01 1.209119200314839020e+02 1.320235936178592056e+02
1.016989606423506309e+01 1.209567317138061640e+02 1.311266277780412395e+02
9.295115768882507012e+00 1.209969815341226536e+02 1.302920973030051641e+02
8.484428838771396642e+00 1.210330059536935181e+02 1.295174347924649112e+02
7.734656399880466715e+00 1.210651186194513542e+02 1.287997750193318325e+02
7.042642981473893116e+00 1.210936136399002123e+02 1.281362566213741161e+02
6.405220698019859604e+00 1.211186838465138464e+02 1.275239045445337069e+02
5.819218338452559536e+00 1.211407849981396652e+02 1.269600033365922229e+02
5.281475564687444724e+00 1.211600511536052380e+02 1.264415267182926783e+02
4.789000394423358564e+00 1.211767201859297245e+02 1.259657205803530786e+02
4.338722246214176792e+00 1.211911330921473251e+02 1.255298553383615001e+02
3.927744324624119709e+00 1.212032315829122524e+02 1.251309759075363672e+02
3.553212248314498556e+00 1.212133878865826091e+02 1.247666001348971037e+02
3.212322426315122215e+00 1.212218939595394147e+02 1.244342163858545405e+02
2.902624718764306611e+00 1.212286873864689767e+02 1.241313121052332775e+02
2.621592515970046389e+00 1.212340921706321382e+02 1.238556846866021885e+02
2.366823428827173448e+00 1.212382659946521102e+02 1.236050894234792850e+02
2.136216295703431189e+00 1.212413576408137317e+02 1.233775739365171660e+02
1.927716765594525761e+00 1.212435061653524713e+02 1.231712229309469961e+02
1.739400049377911595e+00 1.212448397769097852e+02 1.229842398262876912e+02
1.569482894501293524e+00 1.212454774328839591e+02 1.228149603273852506e+02
1.416307383703015788e+00 1.212455285985958113e+02 1.226618359822988253e+02
1.278337495839481530e+00 1.212450926978789738e+02 1.225234301937184540e+02
1.154159282920350860e+00 1.212442594507739102e+02 1.223984187336942568e+02
1.042474072457441725e+00 1.212431093337285404e+02 1.222855834061859781e+02
