0.000000000000000000e+00 1.374722310507140151e+02 1.374722310507140151e+02
1.295258453050699421e+00 1.520862124809521845e+02 1.533814709340028912e+02
4.889802412740868576e+00 1.619430844679244785e+02 1.668328868806653418e+02
1.039853743714994394e+01 1.684987962463237352e+02 1.788973336834736756e+02
1.677128590315029300e+01 1.726204003715319288e+02 1.893916862746822289e+02
2.412696737143568981e+01 1.748948045556339252e+02 1.990217719270696080e+02
3.292639455361573653e+01 1.757307135471019421e+02 2.086571081007176645e+02
4.349733008050967697e+01 1.753984860574667550e+02 2.188958161379764249e+02
5.595517049791100561e+01 1.740676746727034754e+02 2.300228451706144881e+02
7.018655994094538642e+01 1.718526982581558116e+02 2.420392581991011980e+02
8.596409295068788481e+01 1.688464880166216631e+02 2.548105809673095337e+02
1.029966955187844206e+02 1.651420284449556561e+02 2.681387239637400626e+02
1.209680591734574193e+02 1.608427563476010107e+02 2.818108155210584300e+02
1.395562359817936340e+02 1.560641495549348008e+02 2.956203855367284632e+02
1.584401838783125527e+02 1.509307339264633185e+02 3.093709178047758996e+02
1.773004733435619187e+02 1.455654593015942737e+02 3.228659326451561924e+02
1.958166462983633949e+02 1.400904164493913413e+02 3.359070627477547077e+02
2.136703606318455968e+02 1.346153198045085162e+02 3.482856804363541414e+02
2.305467705477515210e+02 1.292354078953444798e+02 3.597821784430959724e+02
2.461394926092068829e+02 1.240293218917426259e+02 3.701688145009495088e+02
2.601573934306799174e+02 1.190584085144548112e+02 3.792158019451347286e+02
2.723327482126758809e+02 1.143672458171512574e+02 3.866999940298271667e+02
2.824301518323100595e+02 1.099850492886589990e+02 3.924152011209690727e+02
2.902555782944782550e+02 1.059276320202038306e+02 3.961832103146820714e+02
2.956649992244310283e+02 1.021996482791181222e+02 3.978646475035491221e+02
2.985719797009152217e+02 9.879691140371500069e+01 3.973688911046302223e+02
2.989536840656645609e+02 9.570863307659489294e+01 3.946623171422594396e+02
2.968547601678025671e+02 9.291947822494117304e+01 3.897742383927437686e+02
2.923886383490353182e+02 9.041138526644876094e+01 3.828000236154840650e+02
2.857368772092325457e+02 8.816498942322311905e+01 3.739018666324556648e+02
2.771399105618240810e+02 8.616104333131090698e+01 3.633009538931349880e+02
2.668965143105576203e+02 8.438164251551633299e+01 3.512781568260739391e+02
2.553266865154568279e+02 8.288613313717054609e+01 3.382128196526273882e+02
2.427485163337607617e+02 8.187148204171222687e+01 3.246199983754729601e+02
2.295181954097132575e+02 8.149086150915873361e+01 3.110090569188719769e+02
2.160045031443577841e+02 8.185541557260846446e+01 2.978599187169662628e+02
2.025582570145860473e+02 8.305344401890747008e+01 2.856117010334935458e+02
1.894851928162191541e+02 8.516052993355795309e+01 2.746457227497771214e+02
1.770239921504490326e+02 8.824330337927358414e+01 2.652672955297226167e+02
1.653340866742678088e+02 9.235817581148863553e+01 2.576922624857564301e+02
1.544984784799029569e+02 9.754567753338589853e+01 2.520441560132888412e+02
1.445451158830225609e+02 1.038209195025862641e+02 2.483660353856088250e+02
1.354860530206792930e+02 1.111611867698937459e+02 2.466472397905730531e+02
1.273670763221204965e+02 1.194927357256550522e+02 2.468598120477755629e+02
1.203134664023814508e+02 1.286803109095993989e+02 2.489937773119808639e+02
1.145534265028339291e+02 1.385241561609383325e+02 2.530775826637722616e+02
1.104034319446189301e+02 1.487693853849999925e+02 2.591728173296189084e+02
1.082115162237199684e+02 1.591303994259957335e+02 2.673419156497157019e+02
1.082725673780975200e+02 1.693281800656320684e+02 2.776007474437295741e+02
1.107452488673373523e+02 1.791320404439294975e+02 2.898772893112668498e+02
1.156021821835937544e+02 1.883929329218220801e+02 3.039951151054158345e+02
8.685387569075628278e+01 2.220257987857101796e+02 3.088796744764664481e+02
6.771910865703137006e+01 2.443168899317056741e+02 3.120359985887370158e+02
6.209169363146556719e+01 2.595318044063842535e+02 3.216234980378497994e+02
6.037821794274650244e+01 2.693553355191078253e+02 3.297335534618543420e+02
6.034395137311121005e+01 2.748189671361128035e+02 3.351629185092240277e+02
6.137235096969105541e+01 2.766944074579143376e+02 3.380667584276054072e+02
6.264257922712099003e+01 2.756515007955338206e+02 3.382940800226548390e+02
6.336161439870587486e+01 2.723836972560495155e+02 3.357453116547553691e+02
6.317956099235062339e+01 2.676230457300902685e+02 3.308026067224408848e+02
6.211712903906304462e+01 2.620760052241784024e+02 3.241931342632414612e+02
6.034406139630194588e+01 2.563365964382251718e+02 3.166806578345270964e+02
5.803606573912178135e+01 2.508359578095075335e+02 3.088720235486293291e+02
5.532281826983693662e+01 2.458542641542732952e+02 3.011770824241102105e+02
5.229610270969435248e+01 2.415251803094053855e+02 2.938212830190997238e+02
4.902874685577261715e+01 2.378931022364806154e+02 2.869218490922532396e+02
4.560617104978717862e+01 2.349447843050014910e+02 2.805509553547886981e+02
4.213819117883398491e+01 2.326380821593495511e+02 2.747762733381835574e+02
3.876238628648270890e+01 2.309208577582664930e+02 2.696832440447491877e+02
3.564026455196920296e+01 2.297414347614824237e+02 2.653816993134516338e+02
3.293699619355691510e+01 2.289988597315253287e+02 2.619358559250822509e+02
3.072905117676044995e+01 2.281482853235149264e+02 2.588773365002753621e+02
2.905522561850570895e+01 2.266557326767394898e+02 2.557109582952452058e+02
2.800737748401157390e+01 2.242245251967420643e+02 2.522319026807536488e+02
2.768915139404919401e+01 2.207129983747075528e+02 2.484021497687567432e+02
2.821916039135003018e+01 2.160817906274682798e+02 2.443009510188182958e+02
2.973110652231826734e+01 2.103619389007420466e+02 2.400930454230603175e+02
3.237559084967637091e+01 2.036349029326996742e+02 2.360104937823760451e+02
3.632385176935036952e+01 1.960194408500178440e+02 2.323432926193682135e+02
4.177256405096377989e+01 1.876621848987568910e+02 2.294347489497206709e+02
4.894858712324584360e+01 1.787299326855183210e+02 2.276785198087641788e+02
5.811270741986711386e+01 1.694025018943151792e+02 2.275152093141823002e+02
6.956177669122673990e+01 1.598656377527156280e+02 2.294274144439423821e+02
8.362902264816862896e+01 1.503039407605202200e+02 2.339329634086888632e+02
1.006825498143595752e+02 1.408940940884039605e+02 2.415766439027635215e+02
1.211220748712319590e+02 1.317988187042995776e+02 2.529208935755315224e+02
1.453737451989834426e+02 1.231611985101967122e+02 2.685349437091801406e+02
1.737917678340089935e+02 1.151017779766219320e+02 2.888935458106309397e+02
2.066698908345261145e+02 1.077091038087778969e+02 3.143789946433039972e+02
2.448803454468198026e+02 1.010306692014282390e+02 3.459110146482480559e+02
2.890251744595227024e+02 9.508214178875944356e+01 3.841073162482821317e+02
3.408667163658490153e+02 8.986503094019839466e+01 4.307317473060473958e+02
4.014335413358092524e+02 8.538746025894992897e+01 4.868210015947591955e+02
4.716782039643326243e+02 8.166757102192012496e+01 5.533457749862527635e+02
5.523515802014459268e+02 7.872944627028114439e+01 6.310810264717271139e+02
6.448427879112298342e+02 7.652807136276838662e+01 7.213708592739982350e+02
7.521401448364011912e+02 7.500306227946006743e+01 8.271432071158612871e+02
8.755501533555556080e+02 7.410693565230828028e+01 9.496570890078638740e+02
1.016054601304081302e+03 7.383136733405646623e+01 1.089885968638137683e+03
1.174678527442749328e+03 7.416921614585076838e+01 1.248847743588599997e+03
1.352273333634045457e+03 7.510171693710449858e+01 1.427375050571150041e+03
1.549564147628377668e+03 7.658403854152390977e+01 1.626148186169901692e+03
1.766592713871100614e+03 7.855524290685127653e+01 1.845147956777952004e+03
2.002505186086325239e+03 8.094797154061065214e+01 2.083453157626935990e+03
2.255602260060773460e+03 8.368895917728443123e+01 2.339291219238057693e+03
2.523329918304706553e+03 8.669380513188959014e+01 2.610023723436596356e+03
2.802233739934191362e+03 8.986268219310129268e+01 2.892096422127292499e+03
3.087970394616942940e+03 9.307931760777992736e+01 3.181049712224722953e+03
3.375405897344719961e+03 9.621301524065512467e+01 3.471618912585375256e+03
3.658793606931883460e+03 9.912354515584962655e+01 3.757917152087733029e+03
3.932020514220308087e+03 1.016689498817515869e+02 4.033689464102059901e+03
4.188906350631447822e+03 1.037159375417926981e+02 4.292622288173240122e+03
4.423530040184202335e+03 1.051517959767150927e+02 4.528681836160917555e+03
4.630549649948696242e+03 1.058960542878009647e+02 4.736445704236497477e+03
4.805480488359648916e+03 1.059097292118842546e+02 4.911390217571532958e+03
4.944901890255999206e+03 1.052001332904067823e+02 5.050102023546405690e+03
5.046573070779436421e+03 1.038325592902445891e+02 5.150405630069681138e+03
5.109392892183241202e+03 1.021333729227906417e+02 5.211526265106032042e+03
5.132804588731229160e+03 1.005626093939140588e+02 5.233367198125143659e+03
5.116587970208730439e+03 9.945466985946902128e+01 5.216042640068199034e+03
5.061134438485826649e+03 9.903844230931474613e+01 5.160172880795141282e+03
4.967497317637310516e+03 9.945991771725017827e+01 5.066957235354560908e+03
4.837442359816561293e+03 1.008019154536901993e+02 4.938244275270251819e+03
4.673522032906779714e+03 1.031013334009405042e+02 4.776623366307720062e+03
4.479106453855880318e+03 1.063624384388203481e+02 4.585468892294700709e+03
4.258337223787080802e+03 1.105660556590929531e+02 4.368903279446173656e+03
4.016003968998430537e+03 1.156754875893945069e+02 4.131679456587825371e+03
3.757358592035606762e+03 1.216400316206966608e+02 3.878998623656303607e+03
3.487875071593786743e+03 1.283967122182308458e+02 3.616271783812017475e+03
3.213002780306923796e+03 1.358706907051163171e+02 3.348873471012040227e+03
2.937625053411674799e+03 1.439742346089962552e+02 3.081599288020670883e+03
2.664863081210567088e+03 1.526041299775124003e+02 2.817467211188079546e+03
2.397630662760879659e+03 1.616402904953122288e+02 2.559270953256192115e+03
2.138628199613723609e+03 1.709329275169546634e+02 2.309561127130678415e+03
1.890201307225032451e+03 1.803069622596306942e+02 2.070508269484663288e+03
1.654186034304540726e+03 1.895809889724632740e+02 1.843767023277004000e+03
1.432024618028865007e+03 1.985774803991735098e+02 1.630602098428038516e+03
1.226037194178274149e+03 2.071641670543988880e+02 1.433201361232672980e+03
1.037993743799495633e+03 2.151986207508925588e+02 1.253192364550388220e+03
8.689249344240657820e+02 2.224874484403652559e+02 1.091412382864431038e+03
7.190086771950187767e+02 2.288419028555329362e+02 9.478505800505516845e+02
5.878407226781300778e+02 2.341751330328950758e+02 8.220158557110250968e+02
4.745957679268992138e+02 2.385655152304801447e+02 7.131612831573793301e+02
3.790605234065582749e+02 2.421597842722464407e+02 6.212203076788047156e+02
2.993125850817982609e+02 2.452420742396753894e+02 5.445546593214736504e+02
2.343224670380134285e+02 2.479327991009188565e+02 4.822552661389322566e+02
1.837315510635970668e+02 2.502020301238583784e+02 4.339335811874554452e+02
1.460402706952354777e+02 2.518924842983961696e+02 3.979327549936316473e+02
1.188407890165740781e+02 2.527946495052438820e+02 3.716354385218179459e+02
9.946157940983127332e+01 2.527578436714245242e+02 3.522194230812557976e+02
8.548782510482412533e+01 2.517647042876528189e+02 3.372525293924769585e+02
7.503687518324997541e+01 2.499441267009483454e+02 3.249810018841983492e+02
6.681550017774723926e+01 2.475297840924156674e+02 3.143452842701628924e+02
6.003433465980187123e+01 2.447951082778437524e+02 3.048294429376456378e+02
5.425789350157258895e+01 2.419936214197835795e+02 2.962515149213561472e+02
4.925580846938923685e+01 2.393219799677554533e+02 2.885777884371447044e+02
4.489420371545062238e+01 2.369086746009429305e+02 2.818028783163935600e+02
4.107719849067986218e+01 2.348217474684824140e+02 2.758989459591622904e+02
3.772790023315768337e+01 2.330858070995981279e+02 2.708137073327558255e+02
3.479074157242107646e+01 2.317001349626217461e+02 2.664908765350428439e+02
3.223971771848189150e+01 2.306530195489195592e+02 2.628927372674014578e+02
3.008376650848923717e+01 2.299306264349415301e+02 2.600143929434307779e+02
2.836618876879489193e+01 2.295196331314063514e+02 2.578858219002012220e+02
2.711436512319384917e+01 2.292007400225812432e+02 2.563151051457750782e+02
2.628389027448674398e+01 2.283666033670755837e+02 2.546504936415623206e+02
2.587395038311066742e+01 2.266128835826756927e+02 2.524868339657863601e+02
2.593205915887570967e+01 2.237341000503161581e+02 2.496661592091918749e+02
2.654453366810242088e+01 2.196548070291393628e+02 2.461993406972417802e+02
2.783127787007757092e+01 2.143881633969537290e+02 2.422194412670313000e+02
2.994327893830243070e+01 2.080097232849457782e+02 2.379530022232482054e+02
3.306197542677655576e+01 2.006398704397901440e+02 2.337018458665667140e+02
3.739984170823922938e+01 1.924311553939687656e+02 2.298309971022079878e+02
4.320156203258412120e+01 1.835583327340549715e+02 2.267598947666390927e+02
5.074521929903698236e+01 1.742098158195142332e+02 2.249550351185512227e+02
6.034304701985738006e+01 1.645798794898447852e+02 2.249229265097021653e+02
7.234145187019973378e+01 1.548613758019366742e+02 2.272028276721364080e+02
8.712013370164446258e+01 1.452390265570678878e+02 2.323591602587123361e+02
1.050901396525136136e+02 1.358835315310421663e+02 2.409736711835557799e+02
1.266905518777079749e+02 1.269467924978052622e+02 2.536373443755132371e+02
1.523832294962740548e+02 1.185570066595480370e+02 2.709402361558221060e+02
1.824739075850672236e+02 1.108195182912284906e+02 2.932934258762957143e+02
2.174757885411169696e+02 1.038017608869449049e+02 3.212775494280618886e+02
2.580924882148001984e+02 9.753446079701842564e+01 3.556269490118186241e+02
3.053423979192917272e+02 9.201635742125031925e+01 3.973587553405420749e+02
3.609018026750146078e+02 8.723948923054584270e+01 4.481412919055604789e+02
4.258036460170595774e+02 8.320674316225051825e+01 5.090103891793100956e+02
5.009867078707190444e+02 7.993237077663260948e+01 5.809190786473516255e+02
5.871093536859582400e+02 7.742668778064629009e+01 6.645360414666045017e+02
6.864635502232046065e+02 7.562571711151377940e+01 7.620892673347184427e+02
8.015907405888311814e+02 7.447124387987872751e+01 8.760619844687098521e+02
9.336355150389333630e+02 7.392615888402688995e+01 1.007561673922960267e+03
1.083487583418546819e+03 7.398986035973369724e+01 1.157477443778280531e+03
1.252159041356815806e+03 7.465390806397216750e+01 1.326812949420788073e+03
1.440490469876506950e+03 7.588937528607748106e+01 1.516379845162584388e+03
1.648960142909999831e+03 7.764449933251138702e+01 1.726604642242511318e+03
1.877206148907174111e+03 7.985605728522567404e+01 1.957062206192399799e+03
2.123973440493301950e+03 8.245503026752770381e+01 2.206428470760829441e+03
2.387148868172718267e+03 8.536392967848188107e+01 2.472512797851200048e+03
2.663725201845414631e+03 8.849147183606541489e+01 2.752216673681480188e+03
2.949774744550161358e+03 9.172966496357547328e+01 3.041504409513736846e+03
3.240500753346962028e+03 9.495419227058287959e+01 3.335454945617545036e+03
3.530375966836242242e+03 9.802779691428034425e+01 3.628403763750522558e+03
3.813357799574802812e+03 1.008066510303249288e+02 3.914164450605127968e+03
4.083167160903503827e+03 1.031496412110539609e+02 4.186316802114557504e+03
4.333610428013438650e+03 1.049299078080927927e+02 4.438540335821531698e+03
4.558913828763635138e+03 1.060471896967869441e+02 4.664961018460421656e+03
4.754033836179605714e+03 1.064389096663463903e+02 4.860472745845951977e+03
4.914909253583305144e+03 1.060877584095366899e+02 5.020997011992842090e+03
5.038629804362652067e+03 1.050240365433290606e+02 5.143653840905981269e+03
5.123496981934833457e+03 1.034089610023607975e+02 5.226905942937194595e+03
5.168753343664900967e+03 1.016999695956008765e+02 5.270453313260502000e+03
5.173935757792353797e+03 1.002966014131981609e+02 5.274232359205551802e+03
5.139106198087864868e+03 9.947922749232392903e+01 5.238585425580188712e+03
5.064984548494541741e+03 9.943438275391129366e+01 5.164418931248453191e+03
4.952981813230886473e+03 1.002753760693342429e+02 5.053257189300220489e+03
4.805270548384612994e+03 1.020609814312210233e+02 4.907331529815834074e+03
4.624844356283123489e+03 1.048108972885692793e+02 4.729655253571692811e+03
4.415510893004306126e+03 1.085170127245932861e+02 4.524027905728898986e+03
4.181804601905912932e+03 1.131509374521202886e+02 4.294955539358033093e+03
3.928828653817809027e+03 1.186687025618419256e+02 4.047497356379651137e+03
3.662034774695857323e+03 1.250133900446190722e+02 3.787048164740476295e+03
3.386976833925280062e+03 1.321162108845583703e+02 3.519093044809838375e+03
3.109023424187290402e+03 1.398962729421847371e+02 3.248919697129475026e+03
2.832195867687860300e+03 1.482584373476222197e+02 2.980454305035482321e+03
2.559369090019758914e+03 1.570921861529641035e+02 2.716461276172723046e+03
2.293444609969038538e+03 1.662638274764972834e+02 2.459708437445535765e+03
2.036962768231296195e+03 1.756087006192640274e+02 2.212571468850560450e+03
1.792156384716138746e+03 1.849464018413999042e+02 1.977102786557538593e+03
1.560459579896734795e+03 1.940930272781382655e+02 1.754552607174873174e+03
1.343772954238884950e+03 2.028910625323777026e+02 1.546664016771262595e+03
1.144285262150138578e+03 2.112162985296024544e+02 1.355501560679741033e+03
9.635434617443443130e+02 2.189053280276360738e+02 1.182448789771980501e+03
8.020870219233960370e+02 2.257574943595352579e+02 1.027844516282931181e+03
6.598600445824199596e+02 2.316146540378781538e+02 8.914746986202981134e+02
5.361659177875633304e+02 2.364699804890151711e+02 7.726358982765784731e+02
4.302910022911872261e+02 2.404448497639209279e+02 6.707358520551081256e+02
3.419069069428824150e+02 2.437505063220883983e+02 5.856574132649708417e+02
2.684380885870630209e+02 2.466320417266045695e+02 5.150701303136676188e+02
2.097673889458780536e+02 2.491303060535335590e+02 4.588976949994116126e+02
1.650742905959865539e+02 2.511525378792625531e+02 4.162268284752491354e+02
1.323538897884564278e+02 2.525015174307447978e+02 3.848554072192011972e+02
1.089742441777360114e+02 2.529784954930010770e+02 3.619527396707370599e+02
9.230471797437094494e+01 2.524847508843114952e+02 3.447894688586824259e+02
8.013242814994355001e+01 2.510709308382097333e+02 3.312033589881532976e+02
7.083164270627820258e+01 2.489221686084420924e+02 3.197538113147202807e+02
6.334684038273847762e+01 2.463015038010420596e+02 3.096483441837805231e+02
5.706726607509376237e+01 2.434830660793769539e+02 3.005503321544707092e+02
5.166868412330038041e+01 2.407004411424553325e+02 2.923691252657557129e+02
4.697756897820340782e+01 2.381211114330663463e+02 2.850986804112697541e+02
4.288392093393998294e+01 2.358448263414794042e+02 2.787287472754193800e+02
3.930212505318525018e+01 2.339169841979790192e+02 2.732191092511642410e+02
3.616400500268137819e+01 2.323473841039056254e+02 2.685113891065869893e+02
3.342583197375046922e+01 2.311274052952665272e+02 2.645532372690170178e+02
3.107639564189131676e+01 2.302421970651426761e+02 2.613185927070339858e+02
2.914016271078462239e+01 2.296772795927938660e+02 2.588174423035785026e+02
2.766556023452486812e+01 2.293785166875780988e+02 2.570440769221029882e+02
2.663238920738223925e+01 2.288695410406069470e+02 2.555019302479891792e+02
2.601054510628580374e+01 2.276119401500945401e+02 2.536224852563803438e+02
2.582502788265641769e+01 2.253118797701834808e+02 2.511369076528399091e+02
2.614401821913818225e+01 2.218355113067000275e+02 2.479795295258382168e+02
2.707166481366024513e+01 2.171558742773556787e+02 2.442275390910159274e+02
2.874424661458339259e+01 2.113201259996244801e+02 2.400643726142078833e+02
3.132860603525158183e+01 2.044282241220107892e+02 2.357568301572623568e+02
3.502214283316594390e+01 1.966181385478349739e+02 2.316402813810009320e+02
4.005373218780856348e+01 1.880547327104645490e+02 2.281084648982730982e+02
4.668495581125836225e+01 1.789206238427614437e+02 2.256055796540198060e+02
5.521112012492450560e+01 1.694080715649811282e+02 2.246191916899056196e+02
6.596168285762296080e+01 1.597114576419901084e+02 2.256731404996130550e+02
7.929985814317393533e+01 1.500202836174216827e+02 2.293201417605956181e+02
9.562124292669680869e+01 1.405128495793027241e+02 2.361340925059995470e+02
1.153512476533213800e+02 1.313508948435414254e+02 2.467021424968627912e+02
1.389409050537483665e+02 1.226752589419806725e+02 2.616161639957290390e+02
1.668388274087133425e+02 1.146016968845342632e+02 2.814405242932476199e+02
1.992115526844413296e+02 1.072213693308754472e+02 3.064329220153167626e+02
2.370777387724525340e+02 1.005800863030581240e+02 3.376578250755106865e+02
2.806221860397039904e+02 9.469170910436612587e+01 3.753138951440701021e+02
3.318723581626308601e+02 8.954628540983871687e+01 4.214186435724695912e+02
3.919690435532953643e+02 8.513838685723973754e+01 4.771074304105351302e+02
4.618941525453341228e+02 8.147931537301754190e+01 5.433734679183517073e+02
5.424584409529327331e+02 7.859306350742005520e+01 6.210515044603528167e+02
6.346512493495449689e+02 7.644578322895139877e+01 7.110970325784963961e+02
7.417150918604646677e+02 7.497396509381823648e+01 8.166890569542829326e+02
8.651444427947043323e+02 7.412395019875270918e+01 9.392683929934570415e+02
1.005925386147238896e+03 7.388281698662217423e+01 1.079808203133861070e+03
1.165055635677471855e+03 7.424671772894039634e+01 1.239302353406412294e+03
1.343406775730885329e+03 7.520105822104723359e+01 1.418607833951932662e+03
1.541747368053738455e+03 7.670385321781751031e+01 1.618451221271556051e+03
1.760171159414904650e+03 7.869564151195099555e+01 1.838866800926855603e+03
1.997856704977063600e+03 8.110991781400349510e+01 2.078966622791067039e+03
2.253120310381151739e+03 8.387418092870120745e+01 2.336994491309852947e+03
2.523411753803893589e+03 8.690470534063251762e+01 2.610316459144526107e+03
2.805266428157441624e+03 9.010202252980072046e+01 2.895368450687242330e+03
3.094312902529268285e+03 9.334973784274460229e+01 3.187662640372012902e+03
3.385369228668808773e+03 9.651647543262106410e+01 3.481885704101429837e+03
3.672621263690987234e+03 9.946075015553911669e+01 3.772082013846526479e+03
3.949871215807427689e+03 1.020388236295120379e+02 4.051910039436939769e+03
4.210840926899496480e+03 1.041152384185374160e+02 4.314956165318033527e+03
4.449504243171956659e+03 1.055749722128076371e+02 4.555079215384764211e+03
4.660413982024645520e+03 1.063354153137499480e+02 4.766749397338395283e+03
4.838987158382938105e+03 1.063559544879952199e+02 4.945343112870933510e+03
