3.625362737617330822e+03 1.779836563808938479e+02 3.803346393998224812e+03
1.443779863222599670e+04 1.779642862152918497e+02 1.461576291844128900e+04
4.804418512237918185e+04 2.723314120954655664e+02 4.831651653447464923e+04
3.571167284216518601e+04 2.542524955167432950e+02 3.596592533768193243e+04
2.310061857085856172e+04 2.355545868248840407e+02 2.333617315768344633e+04
9.893627246030924653e+03 2.646735144658924810e+02 1.015830076049681702e+04
4.699771348670870793e+03 1.806227624733876098e+02 4.880394111144258204e+03
2.547880051888020262e+03 1.731025030387048105e+02 2.720982554926725243e+03
1.648751691726967692e+03 1.782032841273953068e+02 1.826954975854363056e+03
1.274434907174604177e+03 1.851690050209077185e+02 1.459603912195511839e+03
1.086430842493898581e+03 1.926493177033669326e+02 1.279080160197265513e+03
9.641300272021678666e+02 2.006460722450135279e+02 1.164776099447181423e+03
8.708988466865196187e+02 2.090422953104668977e+02 1.079941141996986516e+03
7.963264905216934721e+02 2.177321729551468650e+02 1.014058663476840366e+03
7.395638491223984374e+02 2.264534166947215397e+02 9.660172658171200055e+02
7.014749903378229874e+02 2.349760218921034038e+02 9.364510122299263912e+02
6.815858897126997817e+02 2.429891161056957856e+02 9.245750058183955389e+02
6.765481183832729357e+02 2.499719427624624473e+02 9.265200611457353261e+02
6.809134699662562298e+02 2.557868150436355563e+02 9.367002850098917861e+02
6.860046343073357775e+02 2.606243945283420658e+02 9.466290288356779001e+02
6.847144237385440420e+02 2.650171566812008450e+02 9.497315804197448870e+02
6.730097188438855937e+02 2.683889550098958807e+02 9.413986738537814745e+02
6.496651528888967277e+02 2.717260355822687643e+02 9.213911884711654920e+02
6.141652347982444553e+02 2.743368662526600019e+02 8.885021010509044572e+02
5.746501393512592131e+02 2.771776150884479080e+02 8.518277544397071779e+02
5.298807193176000965e+02 2.788367516542152771e+02 8.087174709718153736e+02
4.888857291636608693e+02 2.792802174916206468e+02 7.681659466552814592e+02
4.553645461794513949e+02 2.779042629293272171e+02 7.332688091087786688e+02
4.330169952775968341e+02 2.738273712080158475e+02 7.068443664856126816e+02
4.230740113117738588e+02 2.651130531784394861e+02 6.881870644902132881e+02
4.154653165764922278e+02 2.322040868143644161e+02 6.476694033908565871e+02
3.686807516222111190e+02 8.025114998160174196e+01 4.489319016038128893e+02
3.264744392569281786e+02 3.815827775666983968e+01 3.646327170135980396e+02
2.567721693915232208e+02 2.712166579449144521e+01 2.838938351860146554e+02
2.168207020480584788e+02 2.499249714201625139e+01 2.418131991900747266e+02
2.028610262904485637e+02 2.647960502072643507e+01 2.293406313111750023e+02
1.965092958982498601e+02 3.140706096240549883e+01 2.279163568606553554e+02
1.926287014650357037e+02 3.967450987400518869e+01 2.323032113390408995e+02
1.837464620713869294e+02 4.994988818557092713e+01 2.336963502569578566e+02
1.688469406949853635e+02 6.094556923004342508e+01 2.297925099250287815e+02
1.499901215662159473e+02 7.167872035701309130e+01 2.216688419232290244e+02
1.300953878459282294e+02 8.153134871003850037e+01 2.116267365559667155e+02
1.119535271584113616e+02 9.019397519211496217e+01 2.021475023505263380e+02
9.762669332627032759e+01 9.756927244113309428e+01 1.951959657674034361e+02
8.819680866874975322e+01 1.037121090037732500e+02 1.919089176725229891e+02
8.380723728773175196e+01 1.088147623654674447e+02 1.926219996531991967e+02
8.387376625566386679e+01 1.130160425056097608e+02 1.968898087612736276e+02
8.737687905225362783e+01 1.163983292738316351e+02 2.037752083260852487e+02
9.311327333556491226e+01 1.190246145764007792e+02 2.121378879119656915e+02
9.985086106458773259e+01 1.209598255704229075e+02 2.208106866350106543e+02
1.064443112521679780e+02 1.222801140253114198e+02 2.287244252774793836e+02
1.119366521988340537e+02 1.230737557687752854e+02 2.350104079676093534e+02
1.156276398738657178e+02 1.234372525815724515e+02 2.390648924554381551e+02
1.171096872399467799e+02 1.234690884257568513e+02 2.405787756657036311e+02
1.162594631975169222e+02 1.232633479562915113e+02 2.395228111538084477e+02
1.132016605279792287e+02 1.229042459867914943e+02 2.361059065147707088e+02
1.082312313497400567e+02 1.224627684068116622e+02 2.306939997565517046e+02
1.017533019716884013e+02 1.219950779124398537e+02 2.237483798841282692e+02
9.421489460214213807e+01 1.215425573219532112e+02 2.157574519240953350e+02
8.604428442034563318e+01 1.211332116818296498e+02 2.071774961021752688e+02
7.762354440873338035e+01 1.207837292753019938e+02 1.984072736840353741e+02
6.927174164223031028e+01 1.205017630945534108e+02 1.897735047367837069e+02
6.123344247219950631e+01 1.202882355804867274e+02 1.815216780526862408e+02
5.368393967026788971e+01 1.201393861243585945e+02 1.738233257946264985e+02
4.673632393574280997e+01 1.200485144524388090e+02 1.667848383881816119e+02
4.045615403868244186e+01 1.200072967334770340e+02 1.604634507721594900e+02
3.486388926003027677e+01 1.200068442196670873e+02 1.548707334796973782e+02
2.995369715211814921e+01 1.200384083649851874e+02 1.499921055171033402e+02
2.569671963158586792e+01 1.200938654031574089e+02 1.457905850347432875e+02
2.204992084866126945e+01 1.201659961677048898e+02 1.422159170163661486e+02
1.896223115379296686e+01 1.202486798233932177e+02 1.392109109771861881e+02
1.637699886299245833e+01 1.203368208501431269e+02 1.367138197131355923e+02
1.423918632547090724e+01 1.204264972698959326e+02 1.346656835953668292e+02
1.249287892903064368e+01 1.205147327759888896e+02 1.330076117050195421e+02
1.108652208452170917e+01 1.205993817345959798e+02 1.316859038191176978e+02
9.972545143612412843e+00 1.206792323391745043e+02 1.306517774827869118e+02
9.107072890298615775e+00 1.207535834085641682e+02 1.298606562988627786e+02
8.451426885711162740e+00 1.208222940021809393e+02 1.292737208878920967e+02
7.971191982150708455e+00 1.208856301447285801e+02 1.288568221268792797e+02
7.636356282634114478e+00 1.209441432580437947e+02 1.285804995406779199e+02
7.420653143439825072e+00 1.209986174045836265e+02 1.284192705480234622e+02
7.301801304579717211e+00 1.210499675212786457e+02 1.283517688258583576e+02
7.260381778311648659e+00 1.210991817042204133e+02 1.283595634825320531e+02
7.280701251750771874e+00 1.211472669066991443e+02 1.284279681584499144e+02
7.348687030697246492e+00 1.211952031453584908e+02 1.285438901760557258e+02
7.452868602021271549e+00 1.212439044305596525e+02 1.286967730325809214e+02
7.583715156594883489e+00 1.212941874615149231e+02 1.288779026181098004e+02
7.733721958819650411e+00 1.213467662179658504e+02 1.290804881767855079e+02
7.895666918507742160e+00 1.214022085078599105e+02 1.292978754263676535e+02
8.065356007900637891e+00 1.214609612757607948e+02 1.295263172836614274e+02
8.237894643050488241e+00 1.215233094874012494e+02 1.297612041304517447e+02
8.411180614007141898e+00 1.215894098510175070e+02 1.300005904650246578e+02
8.582469775055386663e+00 1.216592726281172787e+02 1.302417424031726796e+02
8.750337621530347221e+00 1.217327681996966362e+02 1.304831058212269852e+02
8.914313307855630697e+00 1.218096556629513429e+02 1.307239689708069648e+02
9.073244995029728699e+00 1.218895540606998225e+02 1.309627990557295618e+02
9.228159495455265926e+00 1.219720018125089069e+02 1.312001613079641800e+02
9.378683353552789370e+00 1.220564218319426004e+02 1.314351051854953880e+02
9.526371647631254547e+00 1.221421824623776189e+02 1.316685541100088699e+02
9.671616501130436916e+00 1.222285858736594548e+02 1.319002023747898988e+02
