3.614162737617331004e+03 1.618349522991425999e+02 3.775997689916473519e+03
1.352260454188706171e+04 1.580466031526426889e+02 1.368065114503970472e+04
4.356970307237323141e+04 2.480002204934023950e+02 4.381770329286663036e+04
3.220263652898243527e+04 2.149078850295994698e+02 3.241754441401203439e+04
1.916849645094747393e+04 1.981104331466416397e+02 1.936660688409411523e+04
6.984051773452573798e+03 2.326082442602904905e+02 7.216660017712863919e+03
2.545751757643906330e+03 1.617360603237520138e+02 2.707487817967658430e+03
1.023630986020421687e+03 1.570560995324481723e+02 1.180687085552869803e+03
5.542270095545741242e+02 1.640894482402634651e+02 7.183164577948375609e+02
4.273739920653160880e+02 1.738380396400540633e+02 6.012120317053701228e+02
3.985546015040417274e+02 1.850184958502804022e+02 5.835730973543221580e+02
4.012945802172945378e+02 1.951546314461510576e+02 5.964492116634455670e+02
4.055711517528802119e+02 2.033831844702027638e+02 6.089543362230829189e+02
3.989938780818552004e+02 2.100541330269616083e+02 6.090480111088168087e+02
3.799971949993756084e+02 2.153410271991128866e+02 5.953382221984884382e+02
3.517103264698326370e+02 2.194756355748677663e+02 5.711859620447004318e+02
3.184003494704143122e+02 2.225160229303847927e+02 5.409163724007991050e+02
2.841219299168505472e+02 2.248167321033238579e+02 5.089386620201744336e+02
2.525052500218461375e+02 2.264746143054161678e+02 4.789798643272623053e+02
2.258828263197775073e+02 2.250878224266059533e+02 4.509706487463834605e+02
2.073590058179957794e+02 2.268280969779620477e+02 4.341871027959577987e+02
1.924309487597062116e+02 2.244801689922695971e+02 4.169111177519757803e+02
1.853174103040678915e+02 2.239243228568811617e+02 4.092417331609490248e+02
1.819910549724253030e+02 2.176140411077733461e+02 3.996050960801986776e+02
1.892396693662578286e+02 1.213686380147076136e+02 3.106083073809654707e+02
1.742294908047108493e+02 6.560728938873462823e+01 2.398367801934454633e+02
1.454347328906475809e+02 5.982738909551004269e+01 2.052621219861576378e+02
1.224796845708614512e+02 5.935162930042764629e+01 1.818313138712890975e+02
1.029189070062176086e+02 6.006019214295754693e+01 1.629790991491751697e+02
8.729274200620449164e+01 5.762440831429209709e+01 1.449171503204966029e+02
7.248796977773410788e+01 5.852585163554600456e+01 1.310138214132801124e+02
5.957958380024266631e+01 5.825017302580348399e+01 1.178297568260461503e+02
4.812330387203784454e+01 5.929208380566646497e+01 1.074153876777043024e+02
3.836441893731646502e+01 6.075900070621656113e+01 9.912341964353302615e+01
3.021339640857623010e+01 6.353858625882315891e+01 9.375198266739938902e+01
2.364132803639368063e+01 6.727780526185840415e+01 9.091913329825209189e+01
1.849431434161682830e+01 7.143115399252678799e+01 8.992546833414361629e+01
1.454647152066297444e+01 7.564034917172079986e+01 9.018682069238377608e+01
1.156543007432864556e+01 7.968027958379930453e+01 9.124570965812795009e+01
9.338317505467500723e+00 8.342172111080920160e+01 9.276003861627670233e+01
7.681662686636305359e+00 8.680164117892064723e+01 9.448330386555694815e+01
6.444399205041746903e+00 8.980074116859272237e+01 9.624514037363447017e+01
5.507073993000330070e+00 9.242673235916703334e+01 9.793380635216736607e+01
4.779723101653419626e+00 9.470340663134639669e+01 9.948312973299981365e+01
4.196273992416974075e+00 9.666231962178447645e+01 1.008585936142014532e+02
3.711300225757331095e+00 9.833816726449552448e+01 1.020494674902528516e+02
3.294426495176619341e+00 9.976562142013537482e+01 1.030600479153119977e+02
2.926189332226026618e+00 1.009773813282131698e+02 1.039035706604392004e+02
2.595340582140645225e+00 1.020035172756315660e+02 1.045988578577722166e+02
2.294930518051362611e+00 1.028708718980806225e+02 1.051658024161319815e+02
2.021118470669241773e+00 1.036029895244454053e+02 1.056241079951146418e+02
1.772040162641856931e+00 1.042203537495996954e+02 1.059923939122415533e+02
1.546476531181448344e+00 1.047406650844033038e+02 1.062871416155847584e+02
1.343221876850169583e+00 1.051789811992250208e+02 1.065222030760751863e+02
1.161329660019949417e+00 1.055481485942746360e+02 1.067094782542945808e+02
9.996682126567655313e-01 1.058590563697397471e+02 1.068587245823965191e+02
8.569313969161814759e-01 1.061209090794702377e+02 1.069778404763864188e+02
7.316940709055617109e-01 1.063414717810311032e+02 1.070731658519366647e+02
6.224572550933684667e-01 1.065272859438030792e+02 1.071497431988964451e+02
5.276969665190988090e-01 1.066838570439786338e+02 1.072115540104977356e+02
4.459088693742072063e-01 1.068158191070100713e+02 1.072617279763842788e+02
3.756963015493981484e-01 1.069270566621523955e+02 1.073027529637017921e+02
3.155538519704256251e-01 1.070208512811658466e+02 1.073364051331362674e+02
2.643323588755251419e-01 1.070999550950968455e+02 1.073642874539723664e+02
2.208496906158781414e-01 1.071666810587844054e+02 1.073875307494002840e+02
1.841251289404282898e-01 1.072229793278118990e+02 1.074071044567523217e+02
1.530540909302865737e-01 1.072704867208865096e+02 1.074235408118167925e+02
1.269504099345868942e-01 1.073105772222167786e+02 1.074375276321513724e+02
1.051320531791470753e-01 1.073444235704041603e+02 1.074495556235833078e+02
8.679194580387156188e-02 1.073729886505765734e+02 1.074597805963804404e+02
7.157885546257344855e-02 1.073971146504237169e+02 1.074686935058862929e+02
5.883492390865465577e-02 1.074174744174589620e+02 1.074763093413676103e+02
4.833710306921957384e-02 1.074346781807316802e+02 1.074830152838008956e+02
3.956592312139008139e-02 1.074491915801162634e+02 1.074887575032376503e+02
3.239202699421359771e-02 1.074614483927682045e+02 1.074938404197624209e+02
2.645971613707412753e-02 1.074718150379627986e+02 1.074982747540998673e+02
2.152408217812161115e-02 1.074805488710448458e+02 1.075020729532229637e+02
1.753832757425160746e-02 1.074879252325183501e+02 1.075054635600926076e+02
1.426082107262895485e-02 1.074941540685484114e+02 1.075084148896210365e+02
1.157594829734894665e-02 1.074994367178447732e+02 1.075110126661421219e+02
9.347677306357892596e-03 1.075038662222303856e+02 1.075132138995367370e+02
7.583461435555745658e-03 1.075076072299721091e+02 1.075151906914076676e+02
6.142658632424013825e-03 1.075107324091341923e+02 1.075168750677666196e+02
4.997208834499986853e-03 1.075134100277982867e+02 1.075184072366327825e+02
4.028848238058167601e-03 1.075156641057112239e+02 1.075196929539492885e+02
3.249403043110688730e-03 1.075175606660892669e+02 1.075208100691323807e+02
2.623472128569814040e-03 1.075191546689404021e+02 1.075217781410689781e+02
2.120370447994074457e-03 1.075204282200561039e+02 1.075225485905041012e+02
1.729849212370753028e-03 1.075219841943763441e+02 1.075237140435887113e+02
1.530328360856882640e-03 1.075224847780542632e+02 1.075240151064151206e+02
1.130618536520518018e-03 1.075234483151031384e+02 1.075245789336396598e+02
8.525847552041322837e-04 1.075242352612490038e+02 1.075250878460042117e+02
6.765588387954572010e-04 1.075248687021764908e+02 1.075255452610152815e+02
5.630321538370103903e-04 1.075255559543485049e+02 1.075261189865023397e+02
4.890622092411521429e-04 1.075258907489067042e+02 1.075263798111159446e+02
4.247207532242489904e-04 1.075261668966430904e+02 1.075265916173963205e+02
3.718231465796026976e-04 1.075264021055968158e+02 1.075267739287433955e+02
3.283370789533318797e-04 1.075266027750244149e+02 1.075269311121033695e+02
2.917703289299828674e-04 1.075267740553783540e+02 1.075270658257072824e+02
2.601867159190927588e-04 1.075269203095890447e+02 1.075271804963049647e+02
