3.625362737617330822e+03 2.585008708667783139e+02 3.883863608484109136e+03
2.442403688317360502e+04 1.538947271685785267e+02 2.457793161034218429e+04
5.917327841769261431e+04 2.469602186965328769e+02 5.942023863638914918e+04
3.554773223570917617e+04 1.860050485263833480e+02 3.573373728423556167e+04
9.470867265490755017e+03 2.436608922168468041e+02 9.714528157707602077e+03
3.161323612957280147e+03 2.932329061694845223e+02 3.454556519126764670e+03
1.373027607150862877e+03 3.158521221741255545e+02 1.688879729324988375e+03
7.116223437332698722e+02 3.029666763350613223e+02 1.014589020068331138e+03
4.542710972054122180e+02 2.162543235428220214e+02 6.705254207482341826e+02
3.526606561610898325e+02 1.880955911713875253e+02 5.407562473324774146e+02
3.043475905440741940e+02 1.799318207455317804e+02 4.842794112896059460e+02
2.717882752077533723e+02 1.795327695897083231e+02 4.513210447974616955e+02
2.468882303540892167e+02 1.841822628150467551e+02 4.310704931691359434e+02
2.287630383314811411e+02 1.919689800204145911e+02 4.207320183518957037e+02
2.151640046086781126e+02 2.032727269192935466e+02 4.184367315279716877e+02
2.048895186779610356e+02 2.163717540495343599e+02 4.212612727274953954e+02
1.964399107472536627e+02 2.303939602230542221e+02 4.268338709703078848e+02
1.895975943135165949e+02 2.442595428318191466e+02 4.338571371453357415e+02
1.837158954296231457e+02 2.563478650299712740e+02 4.400637604595943912e+02
1.786667858819326113e+02 2.671758415392060328e+02 4.458426274211386726e+02
1.692956357519007611e+02 2.774749448786481025e+02 4.467705806305488636e+02
1.703613777915372225e+02 1.627591416360764356e+02 3.331205194276136581e+02
2.064252448352916360e+02 1.236694979168543824e+02 3.300947427521460327e+02
1.714828466941889928e+02 1.027947673039219580e+02 2.742776139981109509e+02
1.461749579953964826e+02 9.152867243643107997e+01 2.377036304318275484e+02
1.262941912464613949e+02 8.517517673120575239e+01 2.114693679776671615e+02
1.100076236374615490e+02 1.064367381062405116e+02 2.164443617437020748e+02
9.960299155239091817e+01 1.176667970912231453e+02 2.172697886436140493e+02
1.283467163694456019e+02 6.069149012398536769e+01 1.890382064934309767e+02
1.162846195861024796e+02 6.589061214085569418e+01 1.821752317269581738e+02
7.975006895814335905e+01 7.180820184143458107e+01 1.515582707995779401e+02
6.154372144941844169e+01 9.210890129850712071e+01 1.536526227479255624e+02
5.204603165877390580e+01 8.718710868887704635e+01 1.392331403476509593e+02
4.359494031593213492e+01 9.191551837675008585e+01 1.355104586926822208e+02
4.020641517278796329e+01 7.825885963170948401e+01 1.184652748044974544e+02
5.246273227744495671e+01 8.449776923028764486e+01 1.369605015077326016e+02
3.671125107035372537e+01 8.999387933874723444e+01 1.267051304091009598e+02
2.886449135239633890e+01 9.457861833342127511e+01 1.234431096858176176e+02
2.431608201577532569e+01 1.079263149270607016e+02 1.322423969428360238e+02
2.829207293538669887e+01 9.763101701668104226e+01 1.259230899520677411e+02
2.586525849422388035e+01 1.011737049936002961e+02 1.270389634878241765e+02
1.975266422644282471e+01 1.042475253748095980e+02 1.240001896012524298e+02
1.645769932283654313e+01 1.067467706314127014e+02 1.232044699542492481e+02
1.434434912159149356e+01 1.087837566898283228e+02 1.231281058114198146e+02
1.278908989241653771e+01 1.161377976260627065e+02 1.289268875184792478e+02
1.927702937391377702e+01 1.094941034795534165e+02 1.287711328534671793e+02
1.609863144158772741e+01 1.111903690207967799e+02 1.272890004623845073e+02
1.194521549157264140e+01 1.127600516131363122e+02 1.247052671047089518e+02
9.755526446930657514e+00 1.140302559276517513e+02 1.237857823745824106e+02
8.429538282593059151e+00 1.150575752372490399e+02 1.234871135198420973e+02
7.495316872042430134e+00 1.158964920870994888e+02 1.233918089591419118e+02
6.761511059545171065e+00 1.165884908131443751e+02 1.233500018726895462e+02
6.145611684947179576e+00 1.171651642402952547e+02 1.233107759252424387e+02
5.608816011178271665e+00 1.176505912055406640e+02 1.232594072167189410e+02
5.130925960089682825e+00 1.180631627879610335e+02 1.231940887480507172e+02
4.700247969721320196e+00 1.184169748996092579e+02 1.231172228693305755e+02
4.309294534688587142e+00 1.187228839481670946e+02 1.230321784828556844e+02
3.952830305434677172e+00 1.189893034341672546e+02 1.229421337396019283e+02
3.626919841379698806e+00 1.192228030289527823e+02 1.228497228703324851e+02
3.328431617503090578e+00 1.194285580464498935e+02 1.227569896639529787e+02
3.054764063990693668e+00 1.196106861674611821e+02 1.226654502314518709e+02
2.803686462758386622e+00 1.197724995169099174e+02 1.225761859796683098e+02
2.573242395743381206e+00 1.199170172483655392e+02 1.224902596441089173e+02
2.360962616307849427e+00 1.200461510319194929e+02 1.224071136482273374e+02
2.166437265348652108e+00 1.201617079996210720e+02 1.223281452649697201e+02
1.987331556000599297e+00 1.202651347096599324e+02 1.222524662656605301e+02
1.823316560705910749e+00 1.203576177980081496e+02 1.221809343587140546e+02
1.672949976698984376e+00 1.204406403279070474e+02 1.221135903046060349e+02
1.534455721228337399e+00 1.205151249783214951e+02 1.220495806995498356e+02
1.407666927915274924e+00 1.205818340436050278e+02 1.219895009715203003e+02
1.291436703883995119e+00 1.206417490949563671e+02 1.219331857988403556e+02
1.184342583432797635e+00 1.206955159296117301e+02 1.218798585130445247e+02
1.086348148590925877e+00 1.207436572786590290e+02 1.218300054272499580e+02
9.965284837988215294e-01 1.207868490922424058e+02 1.217833775760412323e+02
9.137410454433675389e-01 1.208255686382924381e+02 1.217393096837358115e+02
8.380234354630659022e-01 1.208601897466413533e+02 1.216982131821044248e+02
7.686273176296233300e-01 1.208911498262362159e+02 1.216597771438658384e+02
7.050042320533727036e-01 1.209188307220797753e+02 1.216238349541331445e+02
6.466411150268259744e-01 1.209435900241847719e+02 1.215902311392115962e+02
5.927605786995301385e-01 1.209657031928598627e+02 1.215584637715593885e+02
5.436349178888957301e-01 1.209853963005685671e+02 1.215290312184574617e+02
4.986689359744903016e-01 1.210029449514395736e+02 1.215016138874140665e+02
4.576707878095343518e-01 1.210185523376083978e+02 1.214762231254179312e+02
4.198393784555437547e-01 1.210324740449418357e+02 1.214523134233973849e+02
3.850042741218631659e-01 1.210448755770813278e+02 1.214298798512031965e+02
3.529201225599714609e-01 1.210559090118158423e+02 1.214088291343758073e+02
3.233698459280052728e-01 1.210657245308033367e+02 1.213890943767313360e+02
2.963360751370835988e-01 1.210744001832906633e+02 1.213707362584277405e+02
2.713391488782049277e-01 1.210820991967123774e+02 1.213534383455905754e+02
2.483291391821330629e-01 1.210889320067771848e+02 1.213372611459593173e+02
2.273356732424667015e-01 1.210949391752090065e+02 1.213222748484514710e+02
2.079890903378734113e-01 1.211002512732057852e+02 1.213082403635436606e+02
1.902433710568414982e-01 1.211049594532754128e+02 1.212952028243322502e+02
1.740664728039373610e-01 1.211090864144850627e+02 1.212831528872890061e+02
1.591239632854631880e-01 1.211127304729593845e+02 1.212718544362448512e+02
1.454041223311253739e-01 1.211159579466038991e+02 1.212613620689350284e+02
1.328988906010893645e-01 1.211187777876554748e+02 1.212516766782565583e+02
1.213465390390701670e-01 1.211212631240381512e+02 1.212426096630772179e+02
1.107512663640992656e-01 1.211234621811905896e+02 1.212342134475546942e+02
1.011104667807332103e-01 1.211253777154172866e+02 1.212264881821980254e+02
