3.642162737617331004e+03 2.126911832093627766e+02 3.854853920826693866e+03
1.700898706973832668e+04 2.079574793091311449e+02 1.721694454904745726e+04
5.720595241734402225e+04 3.271897828619108850e+02 5.753314220020593348e+04
4.279364059153298876e+04 2.906108435223584934e+02 4.308425143505534652e+04
2.642260981952746806e+04 2.585456919821327233e+02 2.668115551150960164e+04
9.452762471377262045e+03 3.038384193936137194e+02 9.756600890770876504e+03
3.294293780170642549e+03 2.196742531510012100e+02 3.513968033321643816e+03
1.226117899993489800e+03 2.078030629654249992e+02 1.433920962958914743e+03
6.327178068648178169e+02 2.152973300438242745e+02 8.480151369086420345e+02
4.911602294194612455e+02 2.282499919155097530e+02 7.194102213349709700e+02
4.731090081162831780e+02 2.422019014104442363e+02 7.153109095267274142e+02
4.840528394406532584e+02 2.547881284908216628e+02 7.388409679314748928e+02
4.892306439951582888e+02 2.656433843487227477e+02 7.548740283438810366e+02
4.782589450417742682e+02 2.746259922983280148e+02 7.528849373401022831e+02
4.509362735700674989e+02 2.818490154683591982e+02 7.327852890384267539e+02
4.118974457922458328e+02 2.875454588235268716e+02 6.994429046157727043e+02
3.672007908408358503e+02 2.915623826464107538e+02 6.587631734872466041e+02
3.229654805760930003e+02 2.947806354739630024e+02 6.177461160500560027e+02
2.834560568402642957e+02 2.961923448069732103e+02 5.796484016472375060e+02
2.524753793494546130e+02 2.948395425194538007e+02 5.473149218689084137e+02
2.323034339810222093e+02 2.980412185899638757e+02 5.303446525709861135e+02
2.158085266755061582e+02 2.937454239718408644e+02 5.095539506473470510e+02
2.112880005272907908e+02 2.934049715765145834e+02 5.046929721038053458e+02
2.101580583383027090e+02 2.855007313545638112e+02 4.956587896928665486e+02
2.228056261637264868e+02 1.504134949214044923e+02 3.732191210851309506e+02
2.023399060115709176e+02 8.688237659117820044e+01 2.892222826027491465e+02
1.705211588095643833e+02 8.090588094058605861e+01 2.514270397501504419e+02
1.445560769945843731e+02 8.063209122097971715e+01 2.251881682155640760e+02
1.218070920539157100e+02 8.284286798742746782e+01 2.046499600413431779e+02
1.042609560293784909e+02 8.497331843202559298e+01 1.892342744614040839e+02
8.939308265139730736e+01 8.058132110582381813e+01 1.699744037572211255e+02
7.434150882281764439e+01 8.125958435154021231e+01 1.556010931743578567e+02
6.111583357223516089e+01 8.049222698681209920e+01 1.416080605590472601e+02
4.930263556664835534e+01 8.116000357710294111e+01 1.304626391437512893e+02
3.913498728850772324e+01 8.271366408749850052e+01 1.218486513760062167e+02
3.062499444089376510e+01 8.613457913929015319e+01 1.167595735801839112e+02
2.379145201289439271e+01 9.098133123224629060e+01 1.147727832451406869e+02
1.849431317639511718e+01 9.644290468913185066e+01 1.149372178655269749e+02
1.448875556500112083e+01 1.019935312225141359e+02 1.164822867875152497e+02
1.151453786983128502e+01 1.073071140341612590e+02 1.188216519039925458e+02
9.331843310524638113e+00 1.121999181892004458e+02 1.215317614997250786e+02
7.734872198666367993e+00 1.165856697719041222e+02 1.243205419705704884e+02
6.556085154049930530e+00 1.204412615152611892e+02 1.269973466693111135e+02
5.666439646199761704e+00 1.237826100041732644e+02 1.294490496503730128e+02
4.970858696559924184e+00 1.266473686766227189e+02 1.316182273731826342e+02
4.402962982290055116e+00 1.290836645748196929e+02 1.334866275571097560e+02
3.918670463888921152e+00 1.311426886948754600e+02 1.350613591587643896e+02
3.491231494349587905e+00 1.328746248540192312e+02 1.363658563483688226e+02
3.105185467229599094e+00 1.343263343647442412e+02 1.374315198319738442e+02
2.751599456733123894e+00 1.355398468393991607e+02 1.382914462961322783e+02
2.426698301279420988e+00 1.365521266026850071e+02 1.389788249039644370e+02
2.129302161633989332e+00 1.373953629751199230e+02 1.395246651367539243e+02
1.858402675610119514e+00 1.380970531456227945e+02 1.399554558212329027e+02
1.613458954991232597e+00 1.386805645466361341e+02 1.402940235016273789e+02
1.393708100618067380e+00 1.391655271889381709e+02 1.405592352895562271e+02
1.198347258758811540e+00 1.395685311456091711e+02 1.407668784043679864e+02
1.025884968071416381e+00 1.399033634823632326e+02 1.409292484504346419e+02
8.747642828081174660e-01 1.401815454045579656e+02 1.410563096873660811e+02
7.432234922150282586e-01 1.404127114797287561e+02 1.411559349719437932e+02
6.293834058872578296e-01 1.406048152680682506e+02 1.412341986739555182e+02
5.313536547163557611e-01 1.407644789391507629e+02 1.412958325938671180e+02
4.473249060465570026e-01 1.408972245483264487e+02 1.413445494543730092e+02
3.756683830096479437e-01 1.410076021661895140e+02 1.413832705491991533e+02
3.147273353242581728e-01 1.410994009151989417e+02 1.414141282505231914e+02
2.630923339114576431e-01 1.411757644370449327e+02 1.414388567709563915e+02
2.194755930437207181e-01 1.412393010895296470e+02 1.414587766825733581e+02
1.826806878045078852e-01 1.412921774960947516e+02 1.414748581838992720e+02
1.518423495081148711e-01 1.413361888204695163e+02 1.414880311699776314e+02
1.259684042265055426e-01 1.413728278117787056e+02 1.414987962160052177e+02
1.043207861419060273e-01 1.414033344025541794e+02 1.415076551886960772e+02
8.624781738772144268e-02 1.414287388132550518e+02 1.415149866306427668e+02
7.118846107909522491e-02 1.414498972671399031e+02 1.415210857282189920e+02
5.866325085145265156e-02 1.414675215805684445e+02 1.415261848314198971e+02
4.826412238009067379e-02 1.414822036798052238e+02 1.415304678021853135e+02
3.964493989638134125e-02 1.414944359211985159e+02 1.415340808610949068e+02
3.251295950570633891e-02 1.415046279397005549e+02 1.415371408992062641e+02
2.662124646505071440e-02 1.415131206244092823e+02 1.415397418708743373e+02
2.176200681081013472e-02 1.415201977155601298e+02 1.415419597223709332e+02
1.776076937531784194e-02 1.415260954314212256e+02 1.415438562007965402e+02
1.447134271203174422e-02 1.415309988068067071e+02 1.415454701495187351e+02
1.180602129117005843e-02 1.415351006637642968e+02 1.415469066850554611e+02
9.571583361407620671e-03 1.415385176052598695e+02 1.415480891886212760e+02
7.751268564354432504e-03 1.415413643125306464e+02 1.415491155810950090e+02
6.268847599491815699e-03 1.415437360665234507e+02 1.415500049141229510e+02
5.062042421953055933e-03 1.415456964976021368e+02 1.415507585400240771e+02
4.104287550348758619e-03 1.415473501454546863e+02 1.415514544330050342e+02
3.292709828009896759e-03 1.415487256990415688e+02 1.415520184088695714e+02
2.638075147700194231e-03 1.415498700662065517e+02 1.415525081413542523e+02
2.111277719614000278e-03 1.415508220166007334e+02 1.415529332943203542e+02
1.687075882859563787e-03 1.415515927293538141e+02 1.415532798052366843e+02
1.359732211780369715e-03 1.415522587586994803e+02 1.415536184909112478e+02
1.076088662261839553e-03 1.415528092206318718e+02 1.415538853092941451e+02
8.483230889501014102e-04 1.415532376513587849e+02 1.415540859744477302e+02
6.763697752200802018e-04 1.415538587692659291e+02 1.415545351390411497e+02
5.806160876397695181e-04 1.415539958011392514e+02 1.415545764172268832e+02
3.990722139685480563e-04 1.415542829325767968e+02 1.415546820047907772e+02
2.768448786378785941e-04 1.415546090585385173e+02 1.415548859034171585e+02
2.125930965446118663e-04 1.415547591954779136e+02 1.415549717885744485e+02
1.622171824923108498e-04 1.415548815340517024e+02 1.415550437512341944e+02
1.271632389534905279e-04 1.415549850019623079e+02 1.415551121652012512e+02
