0.000000000000000000e+00 1.374722310507140151e+02 1.374722310507140151e+02
1.108561766160490736e+00 1.509556739446993561e+02 1.520642357108598333e+02
4.188193275744405142e+00 1.600662917335032205e+02 1.642544850092476167e+02
8.918855039790910766e+00 1.661680261809039223e+02 1.750868812206948348e+02
1.441663189761453445e+01 1.700775477799597297e+02 1.844941796775742660e+02
2.079739084637591162e+01 1.723428505889518760e+02 1.931402414353277948e+02
2.845811369443391214e+01 1.733440129256383386e+02 2.018021266200722437e+02
3.771362705185218545e+01 1.733267884220777830e+02 2.110404154739299543e+02
4.863912704032536993e+01 1.724450607451373685e+02 2.210841877854627455e+02
6.115795982491928129e+01 1.707986652641651517e+02 2.319566250890844401e+02
7.508637957139161756e+01 1.684634835496341623e+02 2.435498631210257940e+02
9.018375973403171031e+01 1.655115143056643774e+02 2.556952740396960735e+02
1.061867426366707718e+02 1.620212886802596017e+02 2.682080313169303736e+02
1.228268858053026520e+02 1.580807955460952599e+02 2.809076813513979118e+02
1.398372411852584776e+02 1.537865686452231841e+02 2.936238098304816617e+02
1.569537701885073773e+02 1.492351564818614520e+02 3.061889266703688008e+02
1.739128226809935427e+02 1.445257831002897433e+02 3.184386057812832860e+02
1.904541487023141713e+02 1.397500164904792825e+02 3.302041651927934254e+02
2.063206634021141781e+02 1.349903144258970826e+02 3.413109778280112323e+02
2.212613634102611400e+02 1.303179613738656712e+02 3.515793247841268112e+02
2.350354663258410710e+02 1.257919751024350887e+02 3.608274414282761882e+02
2.474175909662983486e+02 1.214589185728727898e+02 3.688765095391711384e+02
2.582035971884625951e+02 1.173534057828755266e+02 3.755570029713381359e+02
2.672167072419172200e+02 1.134990861045387192e+02 3.807157933464559392e+02
2.743135410465960717e+02 1.099099223592146757e+02 3.842234634058107758e+02
2.793896994888992822e+02 1.065916152626847406e+02 3.859813147515840228e+02
2.823845300131378053e+02 1.035430619377253265e+02 3.859275919508631318e+02
2.832847176007105645e+02 1.007577661254033075e+02 3.840424837261138578e+02
2.821263705440904346e+02 9.822514227370048445e+01 3.803515128177909332e+02
2.789953201930570685e+02 9.593168781394024336e+01 3.749270080069973119e+02
2.740261745162952138e+02 9.386191475330832645e+01 3.678880892696035403e+02
2.673952312451043554e+02 9.199931573337781288e+01 3.593945469784821398e+02
2.593202622729160112e+02 9.032685317988750739e+01 3.496471154528035186e+02
2.500484204463746494e+02 8.882753160249215796e+01 3.388759520488667931e+02
2.398427286755687931e+02 8.750559789285794920e+01 3.273483265684267280e+02
2.289458511542770509e+02 8.650386169196006847e+01 3.154497128462371052e+02
2.176086296825039312e+02 8.597556412702137152e+01 3.035841938095252885e+02
2.060894051194433700e+02 8.602516377923302571e+01 2.921145688986763957e+02
1.946321516300706946e+02 8.672854039870090048e+01 2.813606920287716093e+02
1.834506637364235075e+02 8.814429401329405778e+01 2.715949577497175369e+02
1.727173571628556772e+02 9.031901538418291864e+01 2.630363725470385816e+02
1.625582973187306095e+02 9.328844292967882268e+01 2.558467402484094464e+02
1.530565074413159721e+02 9.707553100090080989e+01 2.501320384422167820e+02
1.442676634799043995e+02 1.016864607599165140e+02 2.459541242398209135e+02
1.362405911216277730e+02 1.071051993483722811e+02 2.433457904700000540e+02
1.290462134989783465e+02 1.132878859370881628e+02 2.423340994360665093e+02
1.228042484603053452e+02 1.201585837374524033e+02 2.429628321977577343e+02
1.176992062321450021e+02 1.276083675272967213e+02 2.453075737594417092e+02
1.139774533856920868e+02 1.354996015577860078e+02 2.494770549434780946e+02
1.119212718611179298e+02 1.436764077800667962e+02 2.555976796411847261e+02
1.118031089930655924e+02 1.519806140338693012e+02 2.637837230269349220e+02
8.150391174436910546e+01 1.754483981814475158e+02 2.569523099258166212e+02
6.622950807895297487e+01 1.935285393309794699e+02 2.597580474099324306e+02
6.411424039541574871e+01 2.092076868857597844e+02 2.733219272811755332e+02
6.549124472149757992e+01 2.227691331444842433e+02 2.882603778659818090e+02
6.836859873226012496e+01 2.339070873676988072e+02 3.022756860999589321e+02
7.193357776948987237e+01 2.422058165819829298e+02 3.141393943514727880e+02
7.491496745150691083e+01 2.473574357629018436e+02 3.222724032144087687e+02
7.613056370756304148e+01 2.493875177505153999e+02 3.255180814580784272e+02
7.508675120289561278e+01 2.487302529832175821e+02 3.238170041861131949e+02
7.209596025826785137e+01 2.461155584416332545e+02 3.182115186999010916e+02
6.802722070339073923e+01 2.423602495433462991e+02 3.103874702467370525e+02
6.367835139077088513e+01 2.381869582548076494e+02 3.018653096455785203e+02
5.951293360748824313e+01 2.340952408102380105e+02 2.936081744177262749e+02
5.568422269030422456e+01 2.303708123565717472e+02 2.860550350468759575e+02
5.216578999273105666e+01 2.271302104516535394e+02 2.792960004443846174e+02
4.885884570033910990e+01 2.243825562770283000e+02 2.732414019773673886e+02
4.566418495206372086e+01 2.220822140924021539e+02 2.677463990444658748e+02
4.251564269396840245e+01 2.201653493656851026e+02 2.626809920596534766e+02
3.938817664057177126e+01 2.185712345898281512e+02 2.579594112303999509e+02
3.629373320946037751e+01 2.172521049821422991e+02 2.535458381916026838e+02
3.327316893504706741e+01 2.161756181659001754e+02 2.494487871009472428e+02
3.038803878863145513e+01 2.153231703824173735e+02 2.457112091710488357e+02
2.771343679534017213e+01 2.146883800132626448e+02 2.424018168086028027e+02
2.533348972629225315e+01 2.142636583620594593e+02 2.395971480883517017e+02
2.332804936075928026e+01 2.140525284677635227e+02 2.373805778285228030e+02
2.176037082241580833e+01 2.139337506316794304e+02 2.356941214540952387e+02
2.062359571549320236e+01 2.134904430530520472e+02 2.341140387685452424e+02
1.991630209877942903e+01 2.124247002121771288e+02 2.323410023109565543e+02
1.965291442668677035e+01 2.105767966524670669e+02 2.302297110791538444e+02
1.986082897480794074e+01 2.078759594562164068e+02 2.277367884310243369e+02
2.057956972104224036e+01 2.043112896419664537e+02 2.248908593630087012e+02
2.186117113088181085e+01 1.999140264712899864e+02 2.217751976021718008e+02
2.377126629196044760e+01 1.947462284413966529e+02 2.185174947333570969e+02
2.639039363807392391e+01 1.888930135688765972e+02 2.152834072069505282e+02
2.981505468432764161e+01 1.824566808765328290e+02 2.122717355608604635e+02
3.415818321150793224e+01 1.755517532645212100e+02 2.097099364760291564e+02
3.954880855254982919e+01 1.683004429289471773e+02 2.078492514814969923e+02
4.613089578345915243e+01 1.608283409147395275e+02 2.069592366981986800e+02
5.406134858186072734e+01 1.532603234162936303e+02 2.073216719981543577e+02
6.350732825560223205e+01 1.457167714691468348e+02 2.092240997247490668e+02
7.464292261895695901e+01 1.383102451311092693e+02 2.129531677500662283e+02
8.764517723758528689e+01 1.311427490077421396e+02 2.187879262453274123e+02
1.026893968785786200e+02 1.243036905922739948e+02 2.269930874708526289e+02
1.199435215057383033e+02 1.178685801336477681e+02 2.378121016393860714e+02
1.395612970546358156e+02 1.118984615449113420e+02 2.514597585995471718e+02
1.616739184006214884e+02 1.064394186381263978e+02 2.681133370387478863e+02
1.862217564630647644e+02 1.015234292305604811e+02 2.877451856936252170e+02
2.134125833967682411e+02 9.715839286754334125e+01 3.105709762643115823e+02
2.433625795797724436e+02 9.333755995000396410e+01 3.367001395297763793e+02
2.762572614485024474e+02 9.003679551452026431e+01 3.662940569630227401e+02
3.126737472900811099e+02 8.723192057631504781e+01 3.999056678663961293e+02
3.527528616943482689e+02 8.490714897412317441e+01 4.376600106684714433e+02
3.964638361602067675e+02 8.305702164022476097e+01 4.795208578004315427e+02
4.437177871449035820e+02 8.167625916855368473e+01 5.253940463134572383e+02
4.941641541492356282e+02 8.074889370905914632e+01 5.749130478582948172e+02
5.479542820227258062e+02 8.020767550034317139e+01 6.281619575230689634e+02
6.055393853184061754e+02 7.999736122731088983e+01 6.855367465457170510e+02
6.664705964264135218e+02 8.007191604069720370e+01 7.465425124671107824e+02
7.301533558961822337e+02 8.040853183790407854e+01 8.105618877340863264e+02
7.958850064129977682e+02 8.098377740392433566e+01 8.768687838169221322e+02
8.629340789971047343e+02 8.176191000910225171e+01 9.446959890062070144e+02
9.303380198880438456e+02 8.270056443017706727e+01 1.013038584318220956e+03
9.970512842020822291e+02 8.375045567308815464e+01 1.080801739875170369e+03
1.061928761122288279e+03 8.485772922573761434e+01 1.146786490348025836e+03
1.123661075409556588e+03 8.597121180976775179e+01 1.209632287219324326e+03
1.181011894765544184e+03 8.704119045703495772e+01 1.268053085222579057e+03
1.232811491048532162e+03 8.801810012877574252e+01 1.320829591177307975e+03
1.277917137139509578e+03 8.885644646026344162e+01 1.366773583599773019e+03
1.315291063936312412e+03 8.952045544994236081e+01 1.404811519386254759e+03
1.344075417997274371e+03 8.998603546911773776e+01 1.434061453466392095e+03
1.363627561015394804e+03 9.023977666640348616e+01 1.453867337681798290e+03
1.373537981331298852e+03 9.027754886520720845e+01 1.463815530196505961e+03
1.373640715752388360e+03 9.010344955249702537e+01 1.463744165304885428e+03
1.364014036254215398e+03 8.972880014411364868e+01 1.453742836398329018e+03
1.344969808380461927e+03 8.917097087517808518e+01 1.434140779255639927e+03
1.317020040597119305e+03 8.850645883120677126e+01 1.405526499428326133e+03
1.280772623222026368e+03 8.801362794819840474e+01 1.368786251170224659e+03
1.236833604381994519e+03 8.792298835188155692e+01 1.324756592733876005e+03
1.185787441618293087e+03 8.837583848044204160e+01 1.274163280098735186e+03
1.128316394887637671e+03 8.945765107166516827e+01 1.217774045959302839e+03
1.065442825144030849e+03 9.121375337003853190e+01 1.156656578514069452e+03
9.979166562460911791e+02 9.365936361392421361e+01 1.091576019860015322e+03
9.269762429011510676e+02 9.679221228094631613e+01 1.023768455182097341e+03
8.536508692607401372e+02 1.005951203279347652e+02 9.542459895886748882e+02
7.792614743154634880e+02 1.050397109899415540e+02 8.843011853054050562e+02
7.050356017976341718e+02 1.100848146001413426e+02 8.151204163977755570e+02
6.321595894908830360e+02 1.156790289924954180e+02 7.478386184833784682e+02
5.617848991759366299e+02 1.217621041135234776e+02 6.835470032894601218e+02
4.948831125202303269e+02 1.282647865960375100e+02 6.231478991162678085e+02
4.322488112470547321e+02 1.351134102137920081e+02 5.673622214608467402e+02
3.745780108815282006e+02 1.422219720144769326e+02 5.167999828960050763e+02
3.221978880638484384e+02 1.494973646546446560e+02 4.716952527184930659e+02
2.753314523514978873e+02 1.568586147795602415e+02 4.321900671310581288e+02
2.342211341554717023e+02 1.642461794253374308e+02 3.984673135808091047e+02
1.989406573247121912e+02 1.715982617011798084e+02 3.705389190258920280e+02
1.696010555391927994e+02 1.788573693975355354e+02 3.484584249367283064e+02
1.458969151741923156e+02 1.859538072213262296e+02 3.318507223955185736e+02
1.272025723408859648e+02 1.927958676912816429e+02 3.199984400321675935e+02
1.127409559986961227e+02 1.992792632246757307e+02 3.120202192233718392e+02
1.017115025983006120e+02 2.053022685327028967e+02 3.070137711310035229e+02
9.336934335360645321e+01 2.107784470109634469e+02 3.041477903645699143e+02
8.706579705825478754e+01 2.156437586671932820e+02 3.027095557254480696e+02
8.226201646854632088e+01 2.198582119709968765e+02 3.021202284395432116e+02
7.852533546686834143e+01 2.234037787038313638e+02 3.019291141706996768e+02
7.551623061771884693e+01 2.262806548469614540e+02 3.017968854646803152e+02
7.297205053324297808e+01 2.285035519935310617e+02 3.014756025267740256e+02
7.069160034416533733e+01 2.300989315144427678e+02 3.007905318586081194e+02
6.852259153222291843e+01 2.311033269941188451e+02 2.996259185263417635e+02
6.635229976805069896e+01 2.315623864594359702e+02 2.979146862274866407e+02
6.410079377981273296e+01 2.315300840362734220e+02 2.956308778160861266e+02
6.171580392331168241e+01 2.310676422387406888e+02 2.927834461620523712e+02
5.916846700616673616e+01 2.302396063588060144e+02 2.894080733649727790e+02
5.645006807610731414e+01 2.291225135785140878e+02 2.855725816546213878e+02
5.356636757931934767e+01 2.277838729512292275e+02 2.813502405305486036e+02
5.053747583842595503e+01 2.262943566071066925e+02 2.768318324455326547e+02
4.739410123559038368e+01 2.247212994747598600e+02 2.721154007103502295e+02
4.417551520339192450e+01 2.231270891189983558e+02 2.673026043223902661e+02
4.092797242075221931e+01 2.215701172749107855e+02 2.624980896956629977e+02
3.770383517728402012e+01 2.200939351131564194e+02 2.577977702904404396e+02
3.455880570694936438e+01 2.187444425291716357e+02 2.533032482361209929e+02
3.155523999418197079e+01 2.175560236146197894e+02 2.491112636088017496e+02
2.875719943104353860e+01 2.165558719391313218e+02 2.453130713701748675e+02
2.623059118842719073e+01 2.157641632427269371e+02 2.419947544311541208e+02
2.404204739044348571e+01 2.151943610794774600e+02 2.392364084699209457e+02
2.225731140579199163e+01 2.148534104740305395e+02 2.371107218798225347e+02
2.091919259390195052e+01 2.146363827128668902e+02 2.355555753067688443e+02
2.000225826347923430e+01 2.141227007239321836e+02 2.341249589874114179e+02
1.948795782789856901e+01 2.129984174883828700e+02 2.324863753162814533e+02
1.937864767455040749e+01 2.110948876619441137e+02 2.304735353364945354e+02
1.969425661829657415e+01 2.083368202011475319e+02 2.280310768194441096e+02
2.047102264950391870e+01 2.047116679466228391e+02 2.251826905961267471e+02
2.176127155893390608e+01 2.002509159276201274e+02 2.220121874865540406e+02
2.363399836405539034e+01 1.950180460798626996e+02 2.186520444439181006e+02
2.617518457205428462e+01 1.891002146797866885e+02 2.152753992518409802e+02
2.948810418132832112e+01 1.826019212927122339e+02 2.120900254740405444e+02
3.369309261834813185e+01 1.756397089690308349e+02 2.093328015873789809e+02
3.892668128314532794e+01 1.683374015433001603e+02 2.072640828264454740e+02
4.534007474486825373e+01 1.608216749976971016e+02 2.061617497425653482e+02
5.309700965580623233e+01 1.532179387310136178e+02 2.063149483868198502e+02
6.237105177473537054e+01 1.456466015095985540e+02 2.080176532843339317e+02
7.334235711284408410e+01 1.382198371993838748e+02 2.115621943122279731e+02
8.619385452378726598e+01 1.310389633978837196e+02 2.172328179216709714e+02
1.011067161000100896e+02 1.241925155425659852e+02 2.252992316425760748e+02
1.182548878359408633e+02 1.177550518757586389e+02 2.360099397116995021e+02
1.377983768824218771e+02 1.117866709177893796e+02 2.495850478002112709e+02
1.598749546007618392e+02 1.063326159875366983e+02 2.662075705882985517e+02
1.844608738162421844e+02 1.014244749745653564e+02 2.858853487908075408e+02
2.117092565609957262e+02 9.707135295931773555e+01 3.087806095203134760e+02
2.417711576629029082e+02 9.326774440463115923e+01 3.350389020675340817e+02
2.747259166250239559e+02 8.998801742857372687e+01 3.647139340535976544e+02
3.112383571407517593e+02 8.720555007888161470e+01 3.984439072196333882e+02
3.514422960648161620e+02 8.490181027864777263e+01 4.363441063434639204e+02
3.953052050215584927e+02 8.307031811079977501e+01 4.783755231323582393e+02
4.427211697958416039e+02 8.170677869016597583e+01 5.244279484860076082e+02
4.933099949823745192e+02 8.079235081942459828e+01 5.741023458017991743e+02
5.473339869372035764e+02 8.025867356851101420e+01 6.275926605057145480e+02
6.051935085563494567e+02 8.005187756931944421e+01 6.852453861256689152e+02
6.664049482415603052e+02 8.012865433400271797e+01 7.465336025755630089e+02
7.303813140539580218e+02 8.046772126038071349e+01 8.108490353143387210e+02
7.964195378069216531e+02 8.104566480706736797e+01 8.774652026139890495e+02
8.637826408580313000e+02 8.182641711103661919e+01 9.456090579690678624e+02
9.315029862661270954e+02 8.276734512789569465e+01 1.014270331394022833e+03
9.985237029063123373e+02 8.381910675160773394e+01 1.082342809657920043e+03
1.063696457752250126e+03 8.492761451182518329e+01 1.148624072264075267e+03
1.125707740730152182e+03 8.604132252170890638e+01 1.211749063251861116e+03
1.183310972134462872e+03 8.711036220659053697e+01 1.270421334341053353e+03
1.235332300645503892e+03 8.808521627293713152e+01 1.323417516918440924e+03
1.280629120922428228e+03 8.892038211001359116e+01 1.369549503032441862e+03
1.318163948897801447e+03 8.957998741214855443e+01 1.407743936309949959e+03
1.347079738145410147e+03 9.003993193821487750e+01 1.437119670083625124e+03
1.366736002400474035e+03 9.028698342904289120e+01 1.457022985829516983e+03
1.376726558013119302e+03 9.031733779501502113e+01 1.467043895808134266e+03
1.376889403564377062e+03 9.013548888351296284e+01 1.467024892447890124e+03
1.367306918265804825e+03 8.975315842199781002e+01 1.457060076687802621e+03
1.348294831020137508e+03 8.918807359631558995e+01 1.437482904616453197e+03
1.320368501257564276e+03 8.851685633144852261e+01 1.408885357589012756e+03
1.284138419851423805e+03 8.801792654324178500e+01 1.372156346394665661e+03
1.240212012893366591e+03 8.792197816532899424e+01 1.328133991058695528e+03
1.189191147950903087e+03 8.837019619098875012e+01 1.277561344141891823e+03
1.131723644363185031e+03 8.944770151655717427e+01 1.221171345879742148e+03
1.068837806488749493e+03 9.120064242676485833e+01 1.160038448915514437e+03
1.001304028353756053e+03 9.364450013723268285e+01 1.094948528490988792e+03
9.303290079011129592e+02 9.677663983709786066e+01 1.027105647738210791e+03
8.569391019046292968e+02 1.005802168373922427e+02 9.575193187420215963e+02
7.824681033679669326e+02 1.050273615562657596e+02 8.874954649242326923e+02
7.081316288364511138e+02 1.100767194505490068e+02 8.182083482870001490e+02
6.351135832184664878e+02 1.156768731395639662e+02 7.507904563580304966e+02
5.645780859188406566e+02 1.217674100880968524e+02 6.863454960069375375e+02
4.974930801321351623e+02 1.282783385993273839e+02 6.257714187314625178e+02
4.346572936310496402e+02 1.351348649355971077e+02 5.697921585666467763e+02
3.767672121529643618e+02 1.422504239768587695e+02 5.190176361298231313e+02
3.241646050978184803e+02 1.495305018767276692e+02 4.736951069745461496e+02
2.770574808849080455e+02 1.568935599189504160e+02 4.339510408038584615e+02
2.357179822221244478e+02 1.642797458607102783e+02 3.999977280828347261e+02
2.001995922323252728e+02 1.716273826325110861e+02 3.718269748648363588e+02
1.706293667070593187e+02 1.788794631143355502e+02 3.495088298213948974e+02
1.467167933534209965e+02 1.859678704681958266e+02 3.326846638216168230e+02
1.278442726892893972e+02 1.928024196811934132e+02 3.206466923704828105e+02
1.132369139499108854e+02 1.992796682155991164e+02 3.125165821655099876e+02
1.020924999907636987e+02 2.052981134372759584e+02 3.073906134280396714e+02
9.366218860606429075e+01 2.107711077315458112e+02 3.044332963376101020e+02
8.729248356545754461e+01 2.156342362867862334e+02 3.029267198522437639e+02
8.243981026958637415e+01 2.198471786662511533e+02 3.022869889358375417e+02
7.866737497226117171e+01 2.233917175715239978e+02 3.020590925437851411e+02
7.563232931251323521e+01 2.262679972021418564e+02 3.019003265146550916e+02
7.306948031742939520e+01 2.284907572655405090e+02 3.015602375829698758e+02
7.077573306437373901e+01 2.300864977419395814e+02 3.008622308063133346e+02
6.859736639399163494e+01 2.310917498659050011e+02 2.996891162598966503e+02
6.642054349574127059e+01 2.315520971814112272e+02 2.979726406771525262e+02
6.416444338186389018e+01 2.315213939222380191e+02 2.956858373041019377e+02
6.177607774853029809e+01 2.310607113412328033e+02 2.928367890897631014e+02
5.922601304657493415e+01 2.302344322432391834e+02 2.894604452898141176e+02
5.650509824059859909e+01 2.291189846796817449e+02 2.856240829202803297e+02
5.361879718238364489e+01 2.277817670831232704e+02 2.814005642655068868e+02
5.058702916450514664e+01 2.262934015246604247e+02 2.768804306891655642e+02
4.744040257763698065e+01 2.247212115382374975e+02 2.721616141158744995e+02
4.421816345130477544e+01 2.231298323608161809e+02 2.673479958121209847e+02
4.096671748627890963e+01 2.215697006656591839e+02 2.625364181519381077e+02
3.773746690132518466e+01 2.200941560454112675e+02 2.578316229467364451e+02
3.458853659454450025e+01 2.187450244957332472e+02 2.533335610902777546e+02
3.158097003304019168e+01 2.175568015162341737e+02 2.491377715492743619e+02
2.877880027984573275e+01 2.165567070965297773e+02 2.453355073763755172e+02
2.624814054635049132e+01 2.157649513637778682e+02 2.420130919101283666e+02
2.405586557229304745e+01 2.151950378402222270e+02 2.392509034125152709e+02
2.226795753774106146e+01 2.148539491058009503e+02 2.371219066435420189e+02
2.092745024108970142e+01 2.146367944671494570e+02 2.355642447082391584e+02
2.000911127788693378e+01 2.141230189033233842e+02 2.341321301812103286e+02
1.949456181444099911e+01 2.129986856844700185e+02 2.324932474989110176e+02
1.938630017504157266e+01 2.110951593772416857e+02 2.304814595522832690e+02
1.970436638753438885e+01 2.083371567643306150e+02 2.280415231518649932e+02
2.048508334804732911e+01 2.047121354256533436e+02 2.251972187737006834e+02
2.178089131095629583e+01 2.002515823908638026e+02 2.220324737018200949e+02
2.366072549589691221e+01 1.950189835348232350e+02 2.186797090307201472e+02
2.621050297078405578e+01 1.891014980864650568e+02 2.153120010572491196e+02
2.953335959674011235e+01 1.826036265139426860e+02 2.121369861106828125e+02
3.374940908350236413e+01 1.756419107696321191e+02 2.093913198531344904e+02
3.899484446144532512e+01 1.683401720933480021e+02 2.073350165547933273e+02
4.542040623765687712e+01 1.608250824271125907e+02 2.062454886647694821e+02
5.318922067439663692e+01 1.532220461497835515e+02 2.064112668241801885e+02
6.247404470096476103e+01 1.456514674934361722e+02 2.081255121944009261e+02
7.345399527053280053e+01 1.382255168154046885e+02 2.116795120859374890e+02
8.631068619861635227e+01 1.310455093627049905e+02 2.173561955613213286e+02
1.012236461722085465e+02 1.241999776408618743e+02 2.254236238130704351e+02
1.183645795359003188e+02 1.177634506174075710e+02 2.361280301533078898e+02
1.378872473030813239e+02 1.117960140833034046e+02 2.496832613863847428e+02
1.599334041134295319e+02 1.063425468466437280e+02 2.662759509600732599e+02
1.844664857248273506e+02 1.014343507991126501e+02 2.859008365239400291e+02
2.116476542258836844e+02 9.707942324885019048e+01 3.087270774747338464e+02
2.416642198228876737e+02 9.327133372691351099e+01 3.349355535498011704e+02
