3.625362737617330822e+03 3.110985936282177704e+02 3.936461331245548536e+03
3.100056535910951425e+04 1.667977485247466234e+02 3.116736310763426081e+04
7.401686508627192234e+04 1.802985898157382678e+02 7.419716367608765722e+04
2.936557529292586696e+04 1.801044183272949795e+02 2.954567971125316035e+04
5.682243660447375078e+03 2.674331531082994502e+02 5.949676813555674926e+03
2.069859746008460206e+03 3.073373405961135632e+02 2.377197086604573997e+03
1.002593470544458114e+03 3.244871572037700389e+02 1.327080627748228153e+03
5.912758167714960109e+02 3.107477153103332626e+02 9.020235320818292166e+02
4.281135502865963076e+02 2.197762111582672162e+02 6.478897614448635522e+02
3.574619541914181013e+02 1.895682584146715612e+02 5.470302126060896626e+02
3.166538120096956277e+02 1.805222278972762524e+02 4.971760399069718801e+02
2.849280565606009645e+02 1.782274063926355439e+02 4.631554629532365084e+02
2.583281742442558766e+02 1.811552787123649182e+02 4.394834529566207948e+02
2.385333335204005323e+02 1.874289027729378461e+02 4.259622362933383783e+02
2.239864706273284014e+02 1.971688271146945794e+02 4.211552977420229809e+02
2.129231702797072785e+02 2.097734822463010573e+02 4.226966525260083358e+02
2.041351661786103762e+02 2.241185090278162590e+02 4.282536752064266352e+02
1.965897719547588167e+02 2.392828480565923428e+02 4.358726200113511595e+02
1.906359292328842514e+02 2.532057693840374384e+02 4.438416986169216898e+02
1.854674484002998724e+02 2.634815047112826960e+02 4.489489531115825685e+02
1.826485559487502428e+02 2.648816108044039197e+02 4.475301667531541625e+02
1.816010681795300741e+02 2.085343725083429263e+02 3.901354406878730288e+02
1.770175522149180836e+02 1.500634331455596282e+02 3.270809853604777118e+02
1.656844576835179055e+02 1.181908973951351101e+02 2.838753550786530013e+02
1.507124826909315800e+02 1.000188192728018919e+02 2.507313019637334719e+02
1.347692228374503998e+02 8.949749196139309504e+01 2.242667147988435090e+02
1.192468791114100526e+02 8.357278677968051284e+01 2.028196658910905512e+02
1.048073455707154977e+02 8.058613498343316905e+01 1.853934805541486526e+02
9.174496286252012567e+01 7.955328319082789790e+01 1.712982460533480094e+02
8.014634312994368770e+01 7.984261263794353169e+01 1.599889557678872052e+02
6.997908832508704791e+01 8.102358630854352839e+01 1.510026746336305905e+02
6.114481854128871419e+01 8.279213786362861072e+01 1.439369564049173391e+02
5.351177954477650189e+01 8.492452943688066114e+01 1.384363089816571630e+02
4.694159331438176253e+01 8.726142488283299770e+01 1.342030181972147602e+02
4.129332538976609612e+01 8.968601622122811534e+01 1.309793416109941973e+02
3.643774086831889036e+01 9.211468737486315206e+01 1.285524282431820495e+02
3.225880888811889946e+01 9.448890228806284597e+01 1.267477111761817525e+02
2.865476001761875224e+01 9.676905806538019306e+01 1.254238180829989489e+02
2.553781815321663018e+01 9.893123758386053623e+01 1.244690557370771700e+02
2.283233996688240452e+01 1.009569507397573744e+02 1.237892907066397754e+02
2.047712334324486250e+01 1.028414464615853632e+02 1.233185698048302186e+02
1.841769368592398592e+01 1.045830986755884311e+02 1.230007923615124241e+02
1.660954448954931451e+01 1.061842035151648815e+02 1.227937480047141889e+02
1.501555620179283679e+01 1.076497247498735135e+02 1.226652809516663467e+02
1.360473182195822694e+01 1.089876164754953578e+02 1.225923482974535830e+02
1.235058686509416503e+01 1.102024853591146893e+02 1.225530722242088473e+02
1.123291983621309775e+01 1.113046413605024298e+02 1.225375611967155294e+02
1.023270244955767971e+01 1.123024463432383300e+02 1.225351487927960079e+02
9.334666048604573163e+00 1.132041871049293746e+02 1.225388531535339496e+02
8.526018948589447533e+00 1.140189904007343245e+02 1.225450093493237773e+02
7.795503738972105801e+00 1.147518175732009524e+02 1.225473213121730538e+02
7.134919428529494567e+00 1.154116816934594993e+02 1.225466011219889992e+02
6.535817992618088823e+00 1.160052800801569362e+02 1.225410980727750285e+02
5.991383317020918753e+00 1.165388307377166655e+02 1.225302140547375842e+02
5.495821955284538873e+00 1.170189923849906251e+02 1.225148143402751657e+02
5.043803406919954213e+00 1.174487510648416730e+02 1.224925544717616219e+02
4.631621218703338982e+00 1.178344338316697701e+02 1.224660550503731145e+02
4.255073053300716168e+00 1.181803872772740220e+02 1.224354603305747418e+02
3.910683231195867915e+00 1.184914288126673085e+02 1.224021120438631698e+02
3.595234195524720899e+00 1.187690204351730756e+02 1.223642546306978005e+02
3.306576812470405802e+00 1.190178301588342151e+02 1.223244069713046258e+02
3.042114553948874534e+00 1.192407627279841904e+02 1.222828772819330680e+02
2.799617376185222550e+00 1.194412486595687142e+02 1.222408660357539389e+02
2.576980771776914203e+00 1.196196786044394855e+02 1.221966593762164024e+02
2.372893615588823835e+00 1.197795120878625426e+02 1.221524057034513646e+02
2.185647634130733152e+00 1.199226439284707766e+02 1.221082915626015080e+02
2.013719955252659677e+00 1.200515314872468906e+02 1.220652514424995445e+02
1.855634642910405141e+00 1.201658708798144772e+02 1.220215055227248797e+02
1.710615215102613940e+00 1.202682773629345974e+02 1.219788925780372182e+02
1.577463368084752293e+00 1.203599679682825752e+02 1.219374313363673252e+02
1.455100888238266554e+00 1.204420425624969226e+02 1.218971434507351859e+02
1.342633256134044606e+00 1.205154937156622310e+02 1.218581269717962812e+02
1.239249132193587455e+00 1.205812157903207691e+02 1.218204649225143612e+02
1.144202341855254046e+00 1.206400135750692328e+02 1.217842159169244809e+02
1.056806809301884753e+00 1.206926104457369746e+02 1.217494172550388640e+02
9.764322088978508729e-01 1.207396559981477964e+02 1.217160882070456438e+02
9.024997375224574903e-01 1.207817331230410076e+02 1.216842328605634691e+02
8.344780873050260395e-01 1.208193645184536109e+02 1.216538426057586406e+02
7.718796693869962589e-01 1.208530186517769778e+02 1.216248983211639683e+02
7.142571051669420745e-01 1.208831151945889957e+02 1.215973722997559321e+02
6.611999825574419454e-01 1.209100299599334249e+02 1.215712299424908736e+02
6.123318652406015694e-01 1.209340993752496303e+02 1.215464312404902358e+02
5.673075386763242189e-01 1.209557939604582515e+02 1.215231014991345688e+02
5.257094279022047623e-01 1.209749628213943140e+02 1.215006722492965139e+02
4.874577397504357701e-01 1.209921255110363489e+02 1.214795832507867885e+02
4.522082366135058429e-01 1.210074894313062117e+02 1.214596976679197127e+02
4.196752121356729925e-01 1.210212412642414108e+02 1.214409164763770832e+02
3.896334715838273288e-01 1.210335490071586548e+02 1.214231824787424756e+02
3.618830786595043092e-01 1.210445636798604028e+02 1.214064467585199054e+02
3.362399806505894650e-01 1.210544208819467258e+02 1.213906608625973149e+02
3.125345831677403541e-01 1.210633404512291236e+02 1.213758750343968700e+02
2.905225642005245246e-01 1.210711879450714434e+02 1.213617105092719726e+02
2.702482503126526492e-01 1.210782223512630225e+02 1.213484706015756700e+02
2.515010060342851572e-01 1.210845264204264993e+02 1.213360274264607881e+02
2.341339009030384555e-01 1.210901748619637459e+02 1.213243087628667780e+02
2.180325679277976547e-01 1.210952351527611199e+02 1.213132677206889127e+02
2.030993174073023322e-01 1.210997681462633153e+02 1.213028674636706228e+02
1.892444114260495858e-01 1.211038286223749623e+02 1.212930730338010079e+02
1.763847919529301367e-01 1.211074658171950347e+02 1.212838506091479616e+02
1.644437807248251282e-01 1.211107747107705137e+02 1.212752184914953375e+02
