3.531282737617330895e+03 2.705458689415077700e+01 3.558337324511481711e+03
3.506677282684450347e+03 1.138588883758456660e+01 3.518063171522034736e+03
2.502428099214192571e+03 1.098772357384402376e+01 2.513415822788036621e+03
1.155975497946453061e+03 1.187311070113202938e+01 1.167848608647585024e+03
5.654397135800600154e+02 8.992973569663391231e+00 5.744326871497233924e+02
3.871864558592878325e+02 9.297582647260574262e+00 3.964840385065484156e+02
3.124797160250664092e+02 9.524826594090928467e+00 3.220045426191573483e+02
2.814988015356901769e+02 1.053869312806316216e+01 2.920374946637533640e+02
2.667761680148058758e+02 1.163527366456854395e+01 2.784114416793744340e+02
2.571485990729924538e+02 1.254654072541160836e+01 2.696951397984040568e+02
2.485252471506447023e+02 1.325044552585359980e+01 2.617756926764982950e+02
2.391999833990819866e+02 1.377052154411611262e+01 2.529705049431981081e+02
2.285454774802950340e+02 1.415333582662143996e+01 2.426988133069164633e+02
2.164883731455768441e+02 1.442145623027223422e+01 2.309098293758490854e+02
2.032464529261987423e+02 1.460450935440574582e+01 2.178509622806044774e+02
1.891498497775764633e+02 1.472555030796817555e+01 2.038754000855446407e+02
1.745593858179809388e+02 1.480676145380605213e+01 1.893661472717869856e+02
1.598300431504939922e+02 1.485796915083176017e+01 1.746880123013257560e+02
1.453140351686259351e+02 1.488679841909224244e+01 1.602008335877181651e+02
1.313683291214991016e+02 1.487174280304912699e+01 1.462400719245482321e+02
1.183874160661984689e+02 1.475763953843289400e+01 1.331450556046313523e+02
1.068090868269735978e+02 1.447074669017473347e+01 1.212798335171483330e+02
9.711783451730970285e+01 1.139084046331000799e+01 1.085086749806197162e+02
8.801133411501885462e+01 6.069004209443076725e+00 9.408033832446193401e+01
7.609575290680875526e+01 4.190103646821687455e+00 8.028585655363043827e+01
6.380907723278510701e+01 3.463783337238918847e+00 6.727286057002402231e+01
5.252315133058922214e+01 3.208039610216328441e+00 5.573119094080554703e+01
4.275656420188865781e+01 3.186700977760067222e+00 4.594326517964872636e+01
3.458349390015308700e+01 3.298827023780031009e+00 3.788232092393311490e+01
2.788022451351057285e+01 3.490660851261958353e+00 3.137088536477252987e+01
2.245031667986116020e+01 3.724028421912966014e+00 2.617434510177412577e+01
1.808804038620956689e+01 3.979515027003692751e+00 2.206755541321325964e+01
1.459919441389450689e+01 4.239360270035778200e+00 1.883855468393028332e+01
1.181689637979343210e+01 4.493091039473065429e+00 1.630998741926649842e+01
9.600602687236687416e+00 4.734162481499297748e+00 1.433476516873598428e+01
7.834785149789025738e+00 4.958806119354669306e+00 1.279359126914369504e+01
6.425850859557307615e+00 5.165179102025458491e+00 1.159102996158276611e+01
5.298765831452681319e+00 5.352739279929486393e+00 1.065150511138216771e+01
4.393860072382040904e+00 5.521795921106315674e+00 9.915655993488357467e+00
3.663992958955046841e+00 5.673192253102413041e+00 9.337185212057459438e+00
3.072123405224604920e+00 5.808084248875053035e+00 8.880207654099658399e+00
2.589271382078291772e+00 5.927788452987269530e+00 8.517059835065561302e+00
2.192834534182374284e+00 6.033678864877836112e+00 8.226513399060209508e+00
1.865216326115235468e+00 6.127118537610683369e+00 7.992334863725918837e+00
1.592721509711636507e+00 6.209415704727460295e+00 7.802137214439096802e+00
1.364676954649702623e+00 6.281797203777935046e+00 7.646474158427637668e+00
1.172739441510199487e+00 6.345394035314893877e+00 7.518133476825093808e+00
1.010356184782716937e+00 6.401235343975513636e+00 7.411591528758230574e+00
8.723482636238506505e-01 6.450248130496232690e+00 7.322596394120083119e+00
7.545915408676929781e-01 6.493260737012406913e+00 7.247852277880100225e+00
6.537738545046337668e-01 6.531008683932817860e+00 7.184782538437451294e+00
5.672111279659348693e-01 6.564141834411604037e+00 7.131352962377539129e+00
4.927084733373686132e-01 6.593232160568219591e+00 7.085940633905588371e+00
4.284553103712199773e-01 6.618781609743034089e+00 7.047236920114253955e+00
3.729459902135029981e-01 6.641229736894037394e+00 7.014175727107540226e+00
3.249194232380362979e-01 6.660960893544657146e+00 6.985880316782693278e+00
2.833128122067302135e-01 6.678310854209810188e+00 6.961623666416540068e+00
2.472258420680486235e-01 6.693572825601535214e+00 6.940798667669583644e+00
2.158926353039018753e-01 6.707002828268400663e+00 6.922895463572302788e+00
1.886595031432005964e-01 6.718824469576338387e+00 6.907483972719538734e+00
1.649670584327821987e-01 6.729233145025953711e+00 6.894200203458735743e+00
1.443356482812763741e-01 6.738399714926220696e+00 6.882735363207497237e+00
1.263533488608591937e-01 6.746473707814042875e+00 6.872827056674902124e+00
1.106659688736252589e-01 6.753628708837663197e+00 6.864294677711288095e+00
9.707306006904543871e-02 6.759868302870112977e+00 6.856941362939158680e+00
8.497029136998589249e-02 6.765373105617535465e+00 6.850343396987521594e+00
7.444606044200462180e-02 6.770227461258098600e+00 6.844673521700102903e+00
6.527098721938315307e-02 6.775336068842931603e+00 6.840607056062315117e+00
5.744908820139935784e-02 6.778615910055185267e+00 6.836064998256584424e+00
5.021998724337531361e-02 6.781650617014602034e+00 6.831870604257977320e+00
4.395467758703257288e-02 6.784419789026880032e+00 6.828374466613913008e+00
3.853139189874101728e-02 6.786919165179274849e+00 6.825450557078015734e+00
3.381103502084911033e-02 6.789157443120126700e+00 6.822968478140976067e+00
2.968350839144589040e-02 6.791150499849414324e+00 6.820834008240860058e+00
2.606309762383311746e-02 6.792917718003858241e+00 6.818980815627691427e+00
2.288127970717913906e-02 6.794479710987522125e+00 6.817360990694701250e+00
2.008170250024579259e-02 6.795856954776144931e+00 6.815938657276390700e+00
1.761696395660834399e-02 6.797069001876058003e+00 6.814685965832666170e+00
1.544652930207255324e-02 6.798134064724184356e+00 6.813580594026256598e+00
1.353533547727638411e-02 6.799068829851950824e+00 6.812604165329227079e+00
1.185281220812860886e-02 6.799888412976423879e+00 6.811741225184552384e+00
1.037216192602115165e-02 6.800606397270764880e+00 6.810978559196786186e+00
9.069806645693097649e-03 6.801234918054356982e+00 6.810304724700049661e+00
7.924947524742518429e-03 6.801784770801871716e+00 6.809709718326613981e+00
6.919204211312201223e-03 6.802265528209890277e+00 6.809184732421202035e+00
6.036313318509212676e-03 6.802685657742044256e+00 6.808721971060553102e+00
5.261872471646207236e-03 6.803052634697037249e+00 6.808314507168683249e+00
4.583120608865185255e-03 6.803373048130273659e+00 6.807956168739139002e+00
3.988747826611949848e-03 6.803652698382129493e+00 6.807641446208741343e+00
3.468729740672910847e-03 6.803896685833153768e+00 6.807365415573826795e+00
3.014182465122766490e-03 6.804109491019302070e+00 6.807123673484424486e+00
2.617235110377973129e-03 6.804295046529139412e+00 6.806912281639517559e+00
2.270917289479437284e-03 6.804456801253455644e+00 6.806727718542934902e+00
1.969059569455275903e-03 6.804597777620181809e+00 6.806566837189636843e+00
1.706205154534736921e-03 6.804720622457921309e+00 6.806426827612455988e+00
1.477531366603535533e-03 6.804827652111955061e+00 6.806305183478558618e+00
1.278779713029775918e-03 6.804920892400702748e+00 6.806199672113732113e+00
1.106193514901766947e-03 6.805002113956817311e+00 6.806108307471719243e+00
9.564622185548835465e-04 6.805072863450654985e+00 6.806029325669209484e+00
8.266716366316979479e-04 6.805134491147559750e+00 6.805961162784191387e+00
