3.625362737617330822e+03 1.821810188049935562e+02 3.807543756422324350e+03
1.491739204927898572e+04 1.780690777420256552e+02 1.509546112702101163e+04
4.903833292390169663e+04 2.809112672821061096e+02 4.931924419118380320e+04
3.628056402007719589e+04 2.462843841213812084e+02 3.652684840419857937e+04
2.208618900833131556e+04 2.223861168178315495e+02 2.230857512514914561e+04
7.994354680111734524e+03 2.611734933926578606e+02 8.255528173504391816e+03
2.856940356797087134e+03 1.840560596352776486e+02 3.040996416432364640e+03
1.109980538245782100e+03 1.770280449123121400e+02 1.287008583158094325e+03
5.856811854356041067e+02 1.845148030663082750e+02 7.701959885019123249e+02
4.514096680365639713e+02 1.955135249519910303e+02 6.469231929885550016e+02
4.261178453208522114e+02 2.081348579589339067e+02 6.342527032797861466e+02
4.337062008151223722e+02 2.190452873311113819e+02 6.527514881462337826e+02
4.386844724150182060e+02 2.283298267113733289e+02 6.670142991263915064e+02
4.306809900986210096e+02 2.359323123916487361e+02 6.666133024902696889e+02
4.087436300492883561e+02 2.420026205793900544e+02 6.507462506286783537e+02
3.762336124614318464e+02 2.467591820817361565e+02 6.229927945431679746e+02
3.386556273245041098e+02 2.502077551299233278e+02 5.888633824544274376e+02
3.004571846386878065e+02 2.528724039671953392e+02 5.533295886058831456e+02
2.656298649237565996e+02 2.545275724032462676e+02 5.201574373270028673e+02
2.370739296126165812e+02 2.530257960083756643e+02 4.900997256209922170e+02
2.178008782191895136e+02 2.556810242500894503e+02 4.734819024692789640e+02
2.018771103392601276e+02 2.519437259798739035e+02 4.538208363191340595e+02
1.961739812489919359e+02 2.517940609908677061e+02 4.479680422398596420e+02
1.935163727303579435e+02 2.447981364037116236e+02 4.383145091340695672e+02
2.028736456707139837e+02 1.341274457538653451e+02 3.370010914245793288e+02
1.858953029305251334e+02 7.407431714353710106e+01 2.599696200740622203e+02
1.556373714856825359e+02 6.825436395374562437e+01 2.238917354394281460e+02
1.317279486568849052e+02 6.769737003280918941e+01 1.994253186896941088e+02
1.105492801491670889e+02 6.975521729400422544e+01 1.803044974431713285e+02
9.443580072617064047e+01 6.748417807288106474e+01 1.619199787990517052e+02
7.924441069050749320e+01 6.698809097540727464e+01 1.462325016659147536e+02
6.543038212723357105e+01 6.773080901885646199e+01 1.331611911460900330e+02
5.335180064326327454e+01 6.729955940120188984e+01 1.206513600444651644e+02
4.267155169589151598e+01 6.883782491766736200e+01 1.115093766135588851e+02
3.370921420938713453e+01 7.107130791756539168e+01 1.047805221269525191e+02
2.635547288347931172e+01 7.483483507039193228e+01 1.011903079538712404e+02
2.054795522838353250e+01 7.934471430553068672e+01 9.989266953391421566e+01
1.607857787663508375e+01 8.408864056094273565e+01 1.001672184375778158e+02
1.270421568443781091e+01 8.873837680551292806e+01 1.014425924899507407e+02
1.019138240211729496e+01 9.309814296495454755e+01 1.032895253670718461e+02
8.333828051221388478e+00 9.706486412454798085e+01 1.053986921757693693e+02
6.958976286193806260e+00 1.005977399357527560e+02 1.075567162219465587e+02
5.928783495700225004e+00 1.036952486375176647e+02 1.096240321332178951e+02
5.138475067305244615e+00 1.063797592209959220e+02 1.115182342883011728e+02
4.510757457326857178e+00 1.086858785165988337e+02 1.131966359739256944e+02
3.992494982989793773e+00 1.106538002701822876e+02 1.146462952531720845e+02
3.548094899548370318e+00 1.123244881675434925e+02 1.158725830670918668e+02
3.155875103174612395e+00 1.137374615379829805e+02 1.168933366411575889e+02
2.802166313251559959e+00 1.149288957046290705e+02 1.177310620178806317e+02
2.480120990426401217e+00 1.159314126798477815e+02 1.184115336702741814e+02
2.185535185963170424e+00 1.167735695622725700e+02 1.189591047482357453e+02
1.916727936414670985e+00 1.174802071633091458e+02 1.193969350997238195e+02
1.672641861741076319e+00 1.180726646303611602e+02 1.197453064921022303e+02
1.452431620951292635e+00 1.185691360890736519e+02 1.200215677100249394e+02
1.255186011108148536e+00 1.189850471963955840e+02 1.202402332075037350e+02
1.079799626012072578e+00 1.193334347491058338e+02 1.204132343751179093e+02
9.249378146185206484e-01 1.196252245805688830e+02 1.205501623951873995e+02
7.891395094936527466e-01 1.198696483907195187e+02 1.206587879002131700e+02
6.707990558343446263e-01 1.200744291505883439e+02 1.207452282064226949e+02
5.682574781897389293e-01 1.202460069453737503e+02 1.208142644235634862e+02
4.798022850101496539e-01 1.203898061420511709e+02 1.208696084270613227e+02
4.039181145353794578e-01 1.205103527703855661e+02 1.209142708849209527e+02
3.391231191341609885e-01 1.206114195147796408e+02 1.209505426339137983e+02
2.839004533261744179e-01 1.206961794712948546e+02 1.209800799246210232e+02
2.371458714276136193e-01 1.207672750145991358e+02 1.210044208860267503e+02
1.975429718462245188e-01 1.208269218109878267e+02 1.210244647828340447e+02
1.642525299915181536e-01 1.208769719306202433e+02 1.210412244606117582e+02
1.362547202039615934e-01 1.209189807602958808e+02 1.210552354804998458e+02
1.127226216982520762e-01 1.209542383129713699e+02 1.210669609346696234e+02
9.313912163254392529e-02 1.209838433583373671e+02 1.210769824799699137e+02
7.672698052346378639e-02 1.210086931816952642e+02 1.210854201622187247e+02
6.315177848361420987e-02 1.210295600096375210e+02 1.210927117881211359e+02
5.186194077195985935e-02 1.210470835634484104e+02 1.210989455042203673e+02
4.250320781904565193e-02 1.210618106378170324e+02 1.211043138456360850e+02
3.471313438776325866e-02 1.210741666838638224e+02 1.211088798182515802e+02
2.836001495843715886e-02 1.210845456794047550e+02 1.211129056943631923e+02
2.311614097556716554e-02 1.210932637674879118e+02 1.211163799084634860e+02
1.880292557889347640e-02 1.211005865436588493e+02 1.211193894692377455e+02
1.526467059088543014e-02 1.211067370980474891e+02 1.211220017686383699e+02
1.236886808820908575e-02 1.211119028088802452e+02 1.211242716769684478e+02
1.000409453721250695e-02 1.211162410595140102e+02 1.211262451540512188e+02
8.077142928490002594e-03 1.211198840403746289e+02 1.211279611833031140e+02
6.510305942327552012e-03 1.211229427786913959e+02 1.211294530846337238e+02
5.238976474029764449e-03 1.211255105179501612e+02 1.211307494944241938e+02
4.209572034783286461e-03 1.211276380784176894e+02 1.211318476504524710e+02
3.400529597366354958e-03 1.211294576546189745e+02 1.211328581842163459e+02
2.715617417818870245e-03 1.211309802707030201e+02 1.211336958881208403e+02
2.167149222214260172e-03 1.211322538705442753e+02 1.211344210197664921e+02
1.729399054716791598e-03 1.211332763464262712e+02 1.211350057454809814e+02
1.393438607720297578e-03 1.211341778387799195e+02 1.211355712773876405e+02
1.104374794547846768e-03 1.211352726825500525e+02 1.211363770573446033e+02
9.672265498393053376e-04 1.211355737103841932e+02 1.211365409369340256e+02
6.913963162354628839e-04 1.211361795386640523e+02 1.211368709349802941e+02
5.023869688862292330e-04 1.211366754650983211e+02 1.211371778520672109e+02
3.854396496967938757e-04 1.211372202150602391e+02 1.211376056547099296e+02
3.201790266120898903e-04 1.211374779244738136e+02 1.211377981035004296e+02
2.667984508215615622e-04 1.211376892793631583e+02 1.211379560778139819e+02
2.265137976920362226e-04 1.211378686637563504e+02 1.211380951775540495e+02
1.963064953259147658e-04 1.211380211751180696e+02 1.211382174816133954e+02
1.729058380693569664e-04 1.211381508904811426e+02 1.211383237963192130e+02
