3.642162737617331004e+03 2.126911832093627766e+02 3.854853920826693866e+03
1.700898706973832668e+04 2.079479601717960975e+02 1.721693502991012429e+04
5.720396969247726520e+04 3.048964245280525347e+02 5.750886611700531648e+04
5.054238355255701026e+04 2.120580767143429739e+02 5.075444162927135039e+04
1.442135005867174550e+04 2.737443974927675185e+02 1.469509445616451376e+04
4.854506801887800975e+03 3.389838013111952932e+02 5.193490603198995814e+03
2.190713382587264277e+03 3.081937147306167617e+02 2.498907097317880925e+03
1.145473932900186810e+03 2.725452051711044419e+02 1.418019138071291309e+03
6.800261951964415630e+02 2.572405798622244220e+02 9.372667750586659849e+02
4.636616218399398122e+02 2.504059421712139226e+02 7.140675640111537632e+02
3.571917061455390012e+02 2.471664839886699951e+02 6.043581901342090532e+02
2.999469163105269445e+02 2.456913875068837569e+02 5.456383038174107014e+02
2.655096854670246103e+02 2.451067412329127819e+02 5.106164266999373922e+02
2.422159902732281296e+02 2.446968368259677220e+02 4.869128270991958516e+02
2.247419515011594342e+02 2.444808354140345443e+02 4.692227869151939785e+02
2.108469393292245400e+02 2.497655151785543808e+02 4.606124545077789207e+02
2.004602618584323181e+02 2.582740071468443830e+02 4.587342690052767011e+02
1.936209548056187373e+02 2.636955511424361589e+02 4.573165059480548962e+02
1.890122501427376278e+02 2.140079777212001488e+02 4.030202278639377482e+02
1.837152149825138281e+02 1.785143093661462217e+02 3.622295243486600498e+02
1.755971755475234488e+02 1.560128699781295438e+02 3.316100455256529926e+02
1.652912749040562232e+02 1.414459464312656110e+02 3.067372213353218058e+02
1.537150905726021222e+02 1.318812573957384018e+02 2.855963479683405239e+02
1.416437056525534786e+02 1.255811444564421322e+02 2.672248501089956108e+02
1.296269522056275605e+02 1.214769643233198906e+02 2.511039165289474511e+02
1.180256770555173773e+02 1.188897231247104571e+02 2.369154001802278344e+02
1.070591929242913665e+02 1.173699242737847470e+02 2.244291171980761135e+02
9.683854357668708701e+01 1.166137589683667812e+02 2.134523025450538682e+02
8.741349001919206785e+01 1.164079033323279049e+02 2.038213933515199869e+02
7.878597033622816070e+01 1.165989963725246525e+02 1.953849667087528132e+02
7.093003821700081346e+01 1.170746144854681035e+02 1.880046527024689169e+02
6.380349157909424207e+01 1.177511599323268712e+02 1.815546515114211275e+02
5.735568490889146887e+01 1.185658812627027032e+02 1.759215661715941792e+02
5.153266151706045406e+01 1.194714325792748610e+02 1.710040940963353080e+02
4.628042612133985756e+01 1.204372637946597138e+02 1.667176899159995855e+02
4.154615642487867433e+01 1.214234094339399519e+02 1.629695658588186120e+02
3.728317803880257486e+01 1.224182688118029176e+02 1.597014468506054925e+02
3.344438212096662966e+01 1.234065841347986918e+02 1.568509662557653144e+02
2.998849646434962679e+01 1.243771654856602851e+02 1.543656619500099225e+02
2.687800140724286635e+01 1.253219641971905816e+02 1.521999656044334586e+02
2.407897424465752323e+01 1.262353539305090777e+02 1.503143281751665938e+02
2.156084328622375423e+01 1.271135702328567447e+02 1.486744135190805025e+02
1.929610364701058600e+01 1.279542731119178001e+02 1.472503767589283825e+02
1.726002310622843794e+01 1.287562056891486577e+02 1.460162287953770885e+02
1.543035567920065176e+01 1.295723945952202314e+02 1.450027502744208903e+02
1.378263515412423601e+01 1.302733968516620564e+02 1.440560320057862782e+02
1.231089080716800055e+01 1.309425691974198571e+02 1.432534600045878506e+02
1.098975200740701297e+01 1.315792448040011209e+02 1.425689968114081410e+02
9.805002818500526018e+00 1.321833267981575091e+02 1.419883296166580351e+02
8.743625113841579477e+00 1.327551676678724277e+02 1.414987927817140019e+02
7.793732485294784240e+00 1.332954506510846215e+02 1.410891831363794040e+02
6.944476607462299889e+00 1.338050970715903247e+02 1.407495736790526166e+02
6.185959665553038000e+00 1.342851942983248534e+02 1.404711539638778959e+02
5.509154722528780468e+00 1.347369400108765944e+02 1.402460947334053856e+02
4.905833749322881410e+00 1.351615993140322018e+02 1.400674330633550824e+02
4.368502691074286126e+00 1.355604719437972392e+02 1.399289746348715369e+02
3.890342794486823408e+00 1.359348673740395554e+02 1.398252101685263824e+02
3.465157390076772703e+00 1.362860860902062257e+02 1.397512434802829944e+02
3.087323362902882451e+00 1.366154056639808232e+02 1.397027290268837021e+02
2.751746624945983211e+00 1.369240705565190126e+02 1.396758171814649927e+02
2.453821000185972157e+00 1.372132848116058881e+02 1.396671058117918562e+02
2.189390035458979700e+00 1.374842069850281803e+02 1.396735970204871649e+02
1.954711347448100600e+00 1.377379468020528748e+02 1.396926581495009714e+02
1.746423203468831398e+00 1.379755631489206564e+02 1.397219863523894787e+02
1.561513108453761456e+00 1.381980630930840732e+02 1.397595762015378398e+02
1.397288231881205212e+00 1.384064016957737806e+02 1.398036899276549718e+02
1.251347556655001636e+00 1.386014824335960611e+02 1.398528299902510525e+02
1.121555668169033737e+00 1.387841580866788149e+02 1.399057137548478522e+02
1.006018127429737508e+00 1.389552319821340518e+02 1.399612501095637924e+02
9.030583887909571228e-01 1.391154595054768208e+02 1.400185178942677737e+02
8.111962322384859148e-01 1.392655498108652523e+02 1.400767460431037250e+02
7.291276838289870721e-01 1.394061676749559524e+02 1.401352953587849299e+02
6.557063972922370088e-01 1.395379354498598445e+02 1.401936418471520938e+02
5.899264662189718234e-01 1.396614350789533319e+02 1.402513615451723012e+02
5.309066307711706179e-01 1.397772101457623535e+02 1.403081167765335238e+02
4.778758363640818185e-01 1.398857679312716584e+02 1.403636437676357502e+02
4.301600949972872456e-01 1.399875814591604524e+02 1.404177415541577432e+02
3.871705934081854372e-01 1.400830915118943665e+02 1.404702621053025382e+02
3.483929863849632436e-01 1.401727086034958916e+02 1.405211015898808569e+02
3.133778086825808606e-01 1.402568148973025757e+02 1.405701927059851641e+02
2.817319351982248143e-01 1.403357660592055538e+02 1.406174979944037773e+02
2.531110164574029153e-01 1.404098930387952180e+02 1.406630040552526282e+02
2.272128150444288619e-01 1.404795037725739917e+02 1.407067165876184163e+02
2.037713683311155877e-01 1.405448848049562969e+02 1.407486561732874009e+02
1.825519036274524387e-01 1.406063028241755433e+02 1.407888547278029989e+02
1.633464335821293856e-01 1.406640061114749471e+02 1.408273525450570673e+02
1.459699621682641058e-01 1.407182259030755347e+02 1.408641958652438007e+02
1.302572347600363944e-01 1.407691776653991269e+02 1.408994349001591502e+02
1.160599695021567873e-01 1.408170622848774656e+02 1.409331222543796116e+02
1.032445112585504698e-01 1.408620671744117772e+02 1.409653116856703150e+02
9.168985377526665814e-02 1.409043672991570304e+02 1.409960571529323090e+02
8.128598018959672100e-02 1.409441261248052797e+02 1.410254121049948708e+02
7.193247656090621944e-02 1.409814964919343367e+02 1.410534289684952398e+02
6.353737760129082868e-02 1.410166214202825472e+02 1.410801587978838256e+02
5.601620817154941145e-02 1.410496348470138628e+02 1.411056510551854046e+02
4.929118832037247128e-02 1.410806623031601248e+02 1.411299534914805065e+02
4.329057363517874873e-02 1.411098215324751664e+02 1.411531121061103420e+02
3.794810640635665894e-02 1.411372230569239434e+02 1.411751711633303046e+02
3.320255655963324365e-02 1.411629706929578276e+02 1.411961732495174715e+02
2.899733446883877991e-02 1.411871620226156097e+02 1.412161593570844502e+02
