0.000000000000000000e+00 1.374722310507140151e+02 1.374722310507140151e+02
4.361791598076854015e+00 1.569961032779734467e+02 1.613578948760502954e+02
1.684967470995505323e+01 1.693321972740804711e+02 1.861818719840355243e+02
3.550369902380442255e+01 1.774753022452225650e+02 2.129790012690269805e+02
5.494545069283200434e+01 1.829683414568644366e+02 2.379137921496964339e+02
7.434733384590722949e+01 1.867557346488897565e+02 2.611030684947969576e+02
9.443880640199732568e+01 1.893785172474731553e+02 2.838173236494704952e+02
1.157909120800180744e+02 1.910088214352514910e+02 3.067997335152695655e+02
1.383626049187016065e+02 1.915635384189565400e+02 3.299261433376581181e+02
1.615976025670269962e+02 1.908576040786525425e+02 3.524552066456795387e+02
1.847248942941780570e+02 1.887424640757546399e+02 3.734673583699326969e+02
2.070644630891412987e+02 1.852059848960090562e+02 3.922704479851503265e+02
2.282159438480902338e+02 1.803856333162124201e+02 4.086015771643026255e+02
2.481146268508189507e+02 1.745519844849925164e+02 4.226666113358114671e+02
2.669579322470265765e+02 1.680326044519628113e+02 4.349905366989893878e+02
2.850815010661647193e+02 1.611603707496187212e+02 4.462418718157834405e+02
3.028410777403629481e+02 1.542152602835867299e+02 4.570563380239497064e+02
3.205319446324468800e+02 1.474067061666808058e+02 4.679386507991276858e+02
3.383321458546703298e+02 1.408718509317409939e+02 4.792039967864113237e+02
3.563138715824766223e+02 1.346920897736992231e+02 4.910059613561758169e+02
3.744249769313680645e+02 1.289060203004482048e+02 5.033309972318162409e+02
3.925430280615682932e+02 1.235344783347862574e+02 5.160775063963545790e+02
4.104550640835416289e+02 1.185902238958789496e+02 5.290452879794205501e+02
4.278936732306224258e+02 1.140844577116990308e+02 5.419781309423215134e+02
4.444978580087218916e+02 1.100267593571704197e+02 5.545246173658922544e+02
4.601050937008766937e+02 1.064333121458690812e+02 5.665384058467457180e+02
4.749051339530900577e+02 1.032182751427414331e+02 5.781234090958314482e+02
4.887883697189322447e+02 1.004471736265148678e+02 5.892355433454471267e+02
5.017442587407443284e+02 9.814328393254795913e+01 5.998875426732922733e+02
5.137295152792929684e+02 9.639275753789578971e+01 6.101222728171887866e+02
5.246087639481210090e+02 9.530979614394338739e+01 6.199185600920643537e+02
5.340588423177863433e+02 9.493915090882373420e+01 6.289979932266101059e+02
5.419645833507389625e+02 9.531541321005624923e+01 6.372799965607952117e+02
5.483343548911789185e+02 9.647849518459298679e+01 6.448128500757718484e+02
5.533033580264196871e+02 9.855996890011104483e+01 6.518633269265307035e+02
5.546892199697601882e+02 1.013921072745094563e+02 6.560813272442696871e+02
5.538591170817068132e+02 1.049309232060410011e+02 6.587900402877478427e+02
5.513744109567569467e+02 1.091570165710863307e+02 6.605314275278433342e+02
5.475896674590420616e+02 1.141199642887554973e+02 6.617096317477975163e+02
5.427187953842036450e+02 1.199488782448683821e+02 6.626676736290720555e+02
5.365811320875532147e+02 1.266887907896430931e+02 6.632699228771963362e+02
5.297075540771741089e+02 1.344501551409094873e+02 6.641577092180835962e+02
5.223435831245997178e+02 1.432822738284862965e+02 6.656258569530859859e+02
5.146348146423181333e+02 1.531689453597572879e+02 6.678037600020754780e+02
5.066489990372700731e+02 1.640253497042818935e+02 6.706743487415519667e+02
4.982962560380195214e+02 1.757015889378058944e+02 6.739978449758253873e+02
4.900252496879269870e+02 1.879947650657186102e+02 6.780200147536455688e+02
4.822719008627448716e+02 2.006863026222459325e+02 6.829582034849908041e+02
4.753987327484880439e+02 2.136202680928436735e+02 6.890190008413317173e+02
4.698890466843189415e+02 2.266883162886961998e+02 6.965773629730151697e+02
4.661889792663993717e+02 2.398738519275242140e+02 7.060628311939235573e+02
3.692793175969721347e+02 2.809014122752394655e+02 6.501807298722116002e+02
2.988596801651146393e+02 3.092069544028693144e+02 6.080666345679840106e+02
2.424113953981514840e+02 3.234228792206541243e+02 5.658342746188055798e+02
1.999053355717530565e+02 3.285948979580741138e+02 5.285002335298271419e+02
1.662391970694133363e+02 3.266788867797952776e+02 4.929180838492086423e+02
1.463517202971878532e+02 3.237305469068567163e+02 4.700822672040445696e+02
1.404684272481859466e+02 3.231924912686718017e+02 4.636609185168577483e+02
1.362338184272263675e+02 3.226169962940037408e+02 4.588508147212301083e+02
1.334619752657206959e+02 3.202670806276066173e+02 4.537290558933273132e+02
1.362971947779200832e+02 3.162714706912526594e+02 4.525686654691727426e+02
1.464777570870006400e+02 3.156912999014147090e+02 4.621690569884153774e+02
1.655748282227368975e+02 3.125250307821770548e+02 4.780998590049139239e+02
1.874307440842452479e+02 3.108261079522938530e+02 4.982568520365391009e+02
2.171762189882415157e+02 3.108973883748262779e+02 5.280736073630678220e+02
2.555948080728567220e+02 3.106329350175633977e+02 5.662277430904200628e+02
3.027134602456165453e+02 3.091815011508633120e+02 6.118949613964798573e+02
3.590466108950053581e+02 3.090516869562071633e+02 6.680982978512124646e+02
4.219515449470844146e+02 3.093592062846313979e+02 7.313107512317158125e+02
4.888940535443388171e+02 3.097125042012891072e+02 7.986065577456279243e+02
5.584472559683291593e+02 3.115899559153401128e+02 8.700372118836692152e+02
6.227851983186698135e+02 3.134791476171883460e+02 9.362643459358581595e+02
6.754251398517588996e+02 3.123523865578753771e+02 9.877775264096342198e+02
7.429678158366921252e+02 3.097147265050134024e+02 1.052682542341705584e+03
8.163563557684843772e+02 3.038941460776557619e+02 1.120250501846140196e+03
8.984084704742817848e+02 2.973523092526181131e+02 1.195760779726899955e+03
9.918913950509630695e+02 2.927323913368929880e+02 1.284623786387855944e+03
1.092709205897776883e+03 2.871755247490751799e+02 1.379884730646851949e+03
1.213922949779870578e+03 2.792519524689899413e+02 1.493174902248860462e+03
1.397584778783252887e+03 2.721580383945756694e+02 1.669742817177828556e+03
1.597142215337730477e+03 2.587275313381992419e+02 1.855869746675929719e+03
1.821209149727878867e+03 2.506066058904542047e+02 2.071815755618333242e+03
2.079550585882177529e+03 2.476818516636023730e+02 2.327232437545779703e+03
2.385120711651407873e+03 2.469999847355744294e+02 2.632120696386982218e+03
2.739128211513384485e+03 2.470616670808279878e+02 2.986189878594212587e+03
3.138920552531921203e+03 2.474609759347013380e+02 3.386381528466622512e+03
3.585473494300000311e+03 2.483987106266944807e+02 3.833872204926694849e+03
4.079961685797681184e+03 2.498090439789409629e+02 4.329770729776621920e+03
4.622111642237306114e+03 2.514824470354928110e+02 4.873594089272798556e+03
5.210023918531830532e+03 2.532145041914524768e+02 5.463238422723283293e+03
5.840558625813207072e+03 2.548416809064985102e+02 6.095400306719705441e+03
6.509382594302143843e+03 2.562187288042470072e+02 6.765601323106390737e+03
7.210900650597693129e+03 2.572036181483733230e+02 7.468104268746066737e+03
7.938331012758494580e+03 2.576586275008291409e+02 8.195989640259324005e+03
8.683953957257634102e+03 2.574550224615784373e+02 8.941408979719211857e+03
9.439540209613684056e+03 2.564739587717518248e+02 9.696014168385436278e+03
1.019647480677219573e+04 2.546106784759127493e+02 1.045108548524810794e+04
1.094603746651114670e+04 2.517905889793022425e+02 1.119782805549044861e+04
1.167973928117463765e+04 2.479854568474909229e+02 1.192772473802212880e+04
1.238957448203563217e+04 2.432222445771151058e+02 1.263279672661274708e+04
1.306817474386354661e+04 2.375859165937829118e+02 1.330576066045733023e+04
1.370887553525471958e+04 2.312173225618569461e+02 1.394009285781657672e+04
1.430569275813122476e+04 2.243060101168813674e+02 1.452999876824810599e+04
1.485321600331133595e+04 2.170784061451647631e+02 1.507029440945650094e+04
1.534644077345884398e+04 2.097828123759161940e+02 1.555622358583475943e+04
1.578057228942880101e+04 2.026731533953435758e+02 1.598324544282414536e+04
1.615083762847790058e+04 1.959933843510277995e+02 1.634683101282892858e+04
1.645234310620206452e+04 1.899633990986315837e+02 1.664230650530069761e+04
1.667933951245042408e+04 1.847766828980677758e+02 1.686411619534849160e+04
1.682825373204951757e+04 1.805781141881701330e+02 1.700883184623768830e+04
1.689255062457714303e+04 1.774510078919679472e+02 1.707000163246910961e+04
1.686755727541296801e+04 1.754505101969227496e+02 1.704300778560989056e+04
1.674932382515057543e+04 1.745875706554969042e+02 1.692391139580607341e+04
1.653487582712159929e+04 1.748161700248874979e+02 1.670969199714648857e+04
1.622295724589283054e+04 1.760405844218965115e+02 1.639899783031472543e+04
1.581455587083339378e+04 1.781228561920957816e+02 1.599267872702548993e+04
1.531344696874318652e+04 1.808928285685803701e+02 1.549433979731176623e+04
1.472835389280183881e+04 1.841368435946581315e+02 1.491249073639649760e+04
1.407242049300912367e+04 1.875406929915271519e+02 1.425996118600065165e+04
1.335233692418311330e+04 1.908229478042079563e+02 1.354315987198732182e+04
1.257629827207567541e+04 1.939462027508164113e+02 1.277024447482649157e+04
1.176159635524502301e+04 1.971655253319055134e+02 1.195876188057692889e+04
1.092234687964360455e+04 2.006710563811425345e+02 1.112301793602474754e+04
1.007211701830310813e+04 2.045328892237588718e+02 1.027664990752686754e+04
9.223838018737118546e+03 2.087478130949884871e+02 9.432585831832107942e+03
8.389549962734372457e+03 2.132737411917868542e+02 8.602823703926158487e+03
7.580113286844641152e+03 2.180547092408445451e+02 7.798167996085485356e+03
6.804940398606647250e+03 2.230379177132701614e+02 7.027978316319917212e+03
6.071791183945142620e+03 2.282734377145948201e+02 6.300064621659737895e+03
5.374073050436091762e+03 2.337340241259657603e+02 5.607807074562057096e+03
4.719019841063778586e+03 2.403235492777625097e+02 4.959343390341540726e+03
4.120793488021476151e+03 2.486374628643235098e+02 4.369430950885799575e+03
3.572911160749946248e+03 2.576273570539864863e+02 3.830538517803932791e+03
3.074416866512318848e+03 2.664870365468133286e+02 3.340903903059132062e+03
2.627680131154261744e+03 2.751268724915168491e+02 2.902807003645778423e+03
2.232219363562322542e+03 2.832492691814061914e+02 2.515468632743728904e+03
1.885466051224684634e+03 2.902583637371190548e+02 2.175724414961803632e+03
1.584456272576099309e+03 2.956991077591823682e+02 1.880155380335281734e+03
1.326035391170402136e+03 2.994763458493387134e+02 1.625511737019740849e+03
1.106684789743793544e+03 3.017904507173828961e+02 1.408475240461176327e+03
9.226514057066070791e+02 3.029726280062142223e+02 1.225624033712821301e+03
7.704141944805422781e+02 3.033344968580641421e+02 1.073748691338606477e+03
6.459111851685887586e+02 3.028976682775527820e+02 9.488088534461414838e+02
5.462488400554360624e+02 3.019345413271516350e+02 8.481833813825876405e+02
4.682930824762427733e+02 3.007975908863899122e+02 7.690906733626327423e+02
4.088857039663786281e+02 2.999724050975220280e+02 7.088581090639006561e+02
3.643939208662899887e+02 2.998468482227902996e+02 6.642407690890802314e+02
3.311620892951843871e+02 3.005604116170517273e+02 6.317225009122361143e+02
3.059604723131189985e+02 3.019914780179309446e+02 6.079519503310499431e+02
2.861820927942152366e+02 3.038076212578005766e+02 5.899897140520158700e+02
2.698522652248788631e+02 3.055339858092069676e+02 5.753862510340858307e+02
2.555452325093937986e+02 3.066325376781496175e+02 5.621777701875433877e+02
2.422805894694774906e+02 3.065905016558680813e+02 5.488710911253456288e+02
2.294291628586471177e+02 3.050105784425398383e+02 5.344397413011869276e+02
2.166373027553181601e+02 3.016862417462431836e+02 5.183235445015614005e+02
2.037684248972170735e+02 2.966415412255933006e+02 5.004099661228103741e+02
1.908535698657722435e+02 2.901214799295120201e+02 4.809750497952842352e+02
1.780404421016548895e+02 2.825346788706472125e+02 4.605751209723021020e+02
1.655361556138322783e+02 2.743667467567649396e+02 4.399029023705971895e+02
1.535493774345486599e+02 2.660913108094248400e+02 4.196406882439735000e+02
1.422442514919991936e+02 2.581021450005725910e+02 4.003463964925717846e+02
1.317161454784313719e+02 2.506779057409854943e+02 3.823940512194168377e+02
1.219904855064200859e+02 2.439780753286120216e+02 3.659685608350321218e+02
1.130377260107251374e+02 2.380605267550789961e+02 3.510982527658041477e+02
1.047945192821481157e+02 2.329090617678373576e+02 3.377035810499854733e+02
9.718318772289913454e+01 2.284615043941874433e+02 3.256446921170866062e+02
9.012566999673761359e+01 2.246327823937675703e+02 3.147584523905051697e+02
8.355150617386109957e+01 2.213309489410439994e+02 3.048824551149050990e+02
7.739780570447122443e+01 2.184490588533402899e+02 2.958468645578115002e+02
7.154651533042974165e+01 2.155492119754258340e+02 2.870957273058555757e+02
6.586210967585957121e+01 2.120693127834053371e+02 2.779314224592649225e+02
6.027303067777301493e+01 2.077225934678808130e+02 2.679956241456538351e+02
5.475755738325564437e+01 2.024070774624687488e+02 2.571646348457243789e+02
4.933041591903294432e+01 1.961402617579398964e+02 2.454706776769728549e+02
4.403157712652210876e+01 1.890182017525341394e+02 2.330497788790562481e+02
3.891657466167112744e+01 1.811874886826555553e+02 2.201040633443266756e+02
3.404819415346968015e+01 1.728243228153226880e+02 2.068725169687923540e+02
2.948955245592534880e+01 1.641179673779190296e+02 1.936075198338443784e+02
2.529860586973036618e+01 1.552574690796752179e+02 1.805560749494055699e+02
2.152408679409289149e+01 1.464207686511287534e+02 1.679448554452216342e+02
1.820263618616660040e+01 1.377695995569667957e+02 1.559722357431334103e+02
1.535829514054273126e+01 1.294399139366861675e+02 1.447982090772289041e+02
1.300072120193478753e+01 1.215426164348700837e+02 1.345433376368048641e+02
1.112761222497289459e+01 1.141620332856235223e+02 1.252896455105964151e+02
9.726028581705149278e+00 1.073570891705329018e+02 1.170831177522380528e+02
8.774776589457871978e+00 1.011634303152006140e+02 1.099382069046584860e+02
8.247259857670798056e+00 9.559629416782038902e+01 1.038435540254911871e+02
8.114446883542923317e+00 9.065378049713329744e+01 9.876822738067622254e+01
8.347668752090768862e+00 8.632021004525418562e+01 9.466787879734495448e+01
8.921009492701845289e+00 8.256932788714127014e+01 9.149033737984311188e+01
9.813110994149617738e+00 7.936718488406468452e+01 8.918029587821430937e+01
1.100828302054445906e+01 7.667460080323996863e+01 8.768288382378442236e+01
1.249687959307915719e+01 7.444917178407230551e+01 8.694605137715146270e+01
1.427496849209164687e+01 7.264683056369653968e+01 8.692179905578818477e+01
1.634337531324913328e+01 7.122299987975939928e+01 8.756637519300852546e+01
1.870622409670488651e+01 7.013339895066125962e+01 8.883962304736614612e+01
2.136912194748135363e+01 6.933457214538607616e+01 9.070369409286743689e+01
2.433714590617396212e+01 6.878421058190704684e+01 9.312135648808100541e+01
2.761278834040435726e+01 6.844133397141935404e+01 9.605412231182370419e+01
3.119400456637808006e+01 6.826639353637489194e+01 9.946039810275297555e+01
