3.722536273761732446e+04 7.397108906399492116e+04 1.111964518016122456e+05
5.946177202793399803e+06 1.293797654169628368e+05 6.075556968210362829e+06
4.618962534660373814e+06 1.553824954747146694e+05 4.774345030135088600e+06
3.415848674349809065e+06 1.737084111085533805e+05 3.589557085458362475e+06
2.734238309745510109e+06 1.837449038598272018e+05 2.917983213605337311e+06
2.311286415205595084e+06 1.860204625895676436e+05 2.497306877795162611e+06
2.018915332061940338e+06 1.821271816930790956e+05 2.201042513755019289e+06
1.796347541404254735e+06 1.740065505425752781e+05 1.970354091946830042e+06
1.612517225037575234e+06 1.634911262940106390e+05 1.776008351331585785e+06
1.451241508197428193e+06 1.520657920194556937e+05 1.603307300216883887e+06
1.304404490536552854e+06 1.407940671519888856e+05 1.445198557688541710e+06
1.168336705436277436e+06 1.303484948868058564e+05 1.298685200323083205e+06
1.041718318056157441e+06 1.210903282610884926e+05 1.162808646317245904e+06
9.243343277038729284e+05 1.131597249405027251e+05 1.037494052644375712e+06
8.163572948289945489e+05 1.065550301467946410e+05 9.229123249757891754e+05
7.179670269582058536e+05 1.011931165491474530e+05 8.191601435073532630e+05
6.291801866985290544e+05 9.695074834890269267e+04 7.261309350474317325e+05
5.498024352617210243e+05 9.369050603638392931e+04 6.434929412981049391e+05
4.794448668729722849e+05 9.127561679278747761e+04 5.707204836657597916e+05
4.175682812337073265e+05 8.957751229397403949e+04 5.071457935276813805e+05
3.635342949914498604e+05 8.847898843353253324e+04 4.520132834249823936e+05
3.163216220926911337e+05 8.778290758713132527e+04 4.041045296798224445e+05
2.756473547089647036e+05 8.748869055527177989e+04 3.631360452642365126e+05
2.407992493595463457e+05 8.751244081577399629e+04 3.283116901753203711e+05
2.113269040935919329e+05 8.787161331357707968e+04 2.991985174071689835e+05
1.863375870842756412e+05 8.841025621473530191e+04 2.747478432990109432e+05
1.652832538830400445e+05 8.907168099919095403e+04 2.543549348822309985e+05
1.476677145247215522e+05 8.980639327238241094e+04 2.374741077971039631e+05
1.330480589708063926e+05 9.057164228926916257e+04 2.236197012600755552e+05
1.210311883482126432e+05 9.133106055602311972e+04 2.123622489042357774e+05
1.112692289225172572e+05 9.205436026969409431e+04 2.033235891922113369e+05
1.034545184394730168e+05 9.271704705982319138e+04 1.961715654992962081e+05
9.731464136262012471e+04 9.330011965200476698e+04 1.906147610146249062e+05
9.260782579536233970e+04 9.378973368263858720e+04 1.863975594780009123e+05
8.911888197157092509e+04 9.417681761810905300e+04 1.832956995896799781e+05
8.665575887123952270e+04 9.445663768394710496e+04 1.811123965551866277e+05
8.504671945772312756e+04 9.462831629066920141e+04 1.796750357483923435e+05
8.413808313898391498e+04 9.469431428288077586e+04 1.788323974218646763e+05
8.379245273611524317e+04 9.465989126845751889e+04 1.784523440045727766e+05
8.388732867241966596e+04 9.453256031481035461e+04 1.784198889872300206e+05
8.431401143815361138e+04 9.432155359205443528e+04 1.786355650302080321e+05
8.497670098224593676e+04 9.403731437790550990e+04 1.790140153601514467e+05
8.579171521485671110e+04 9.369102857148629846e+04 1.794827437863430241e+05
8.668676641564629972e+04 9.329420587998394330e+04 1.799809722956302576e+05
8.760025171290079015e+04 9.285831752027812763e+04 1.804585692331789178e+05
8.848053018123212678e+04 9.239449395120066765e+04 1.808750241324327944e+05
8.928517331568812369e+04 9.191328308806028508e+04 1.811984564037484233e+05
8.998018700680467009e+04 9.142446683798455342e+04 1.814046538447892235e+05
9.053921142950924695e+04 9.093693174161316711e+04 1.814761431711224141e+05
9.094271057402771839e+04 9.045858805072728137e+04 1.814012986247549998e+05
9.117716583305000677e+04 8.999633069130009972e+04 1.811734965243501065e+05
9.123428860102793260e+04 8.955603519366751425e+04 1.807903237946954323e+05
9.111026578017062275e+04 8.914258172694266250e+04 1.802528475071132998e+05
9.080504995550567401e+04 8.875990075335185975e+04 1.795649507088575338e+05
9.032170327336227638e+04 8.841103442063384864e+04 1.787327376939961105e+05
8.966580112577001273e+04 8.809820854699199845e+04 1.777640096727620112e+05
8.884489890404323523e+04 8.782291084757333738e+04 1.766678097516165581e+05
8.786806254156659998e+04 8.758597184470860520e+04 1.754540343862752197e+05
8.674546143828096683e+04 8.738764565326515003e+04 1.741331070915461169e+05
8.548802069915577886e+04 8.722768850943911821e+04 1.727157092085948971e+05
8.410712842515252123e+04 8.710543350069796725e+04 1.712125619258504885e+05
8.261439303179539274e+04 8.701986045084988291e+04 1.696342534826452611e+05
8.102144517912772426e+04 8.696966031904578267e+04 1.679911054981735069e+05
7.933977880938349699e+04 8.695329379147443979e+04 1.662930726008579368e+05
7.758062593504959659e+04 8.696904398906517599e+04 1.645496699241147726e+05
7.575486013447666483e+04 8.701506339442262833e+04 1.627699235288992932e+05
7.387292413668621157e+04 8.708941522754533798e+04 1.609623393642315641e+05
7.194477736326814920e+04 8.719010958306884277e+04 1.591348869463370065e+05
6.991629217121473630e+04 8.723509763721599302e+04 1.571513898084307439e+05
6.786361871852111653e+04 8.730254055818277993e+04 1.551661592767038965e+05
6.579544638611700793e+04 8.739040875710378168e+04 1.531858551432208042e+05
6.371954793763235648e+04 8.749672555619430204e+04 1.512162734938266512e+05
6.164311201646638801e+04 8.761958278928730579e+04 1.492626948057537084e+05
5.957275704356742062e+04 8.775715312951956003e+04 1.473299101730869734e+05
5.751454541390935628e+04 8.790769966785900760e+04 1.454222450817683712e+05
5.547400052292589680e+04 8.806958306281869591e+04 1.435435835857446073e+05
5.345612589669516456e+04 8.824126655273319921e+04 1.416973924494283565e+05
5.146542584072691534e+04 8.842131909601480584e+04 1.398867449367417139e+05
4.950592715325848985e+04 8.860841688076000719e+04 1.381143440340184898e+05
4.758120155105257436e+04 8.880134342300971912e+04 1.363825449740623008e+05
4.569438853370948345e+04 8.899898845293653721e+04 1.346933769866460352e+05
4.384821847118164442e+04 8.920034577006952895e+04 1.330485642412511806e+05
4.204503574258764274e+04 8.940451023220548814e+04 1.314495459747931454e+05
4.028682178612723510e+04 8.961067402768720058e+04 1.298974958138144284e+05
3.857521794286726799e+04 8.981812236703223607e+04 1.283933403098995041e+05
3.691154799383803038e+04 9.002622871728583414e+04 1.269377767111238645e+05
3.529684030218625412e+04 9.023444969074979599e+04 1.255312899929360428e+05
3.373184948159311170e+04 9.044231968879722990e+04 1.241741691703903489e+05
3.221707751990104225e+04 9.064944539115407679e+04 1.228665229110551154e+05
3.075279429372203595e+04 9.085550017127326282e+04 1.216082944649952988e+05
2.933905741627743919e+04 9.106021850915478717e+04 1.203992759254322300e+05
2.797599359684601950e+04 9.126425322083596257e+04 1.192402468176819821e+05
2.666419846371702442e+04 9.147075413439940894e+04 1.181349525981164334e+05
2.540334532517058688e+04 9.168084727761679096e+04 1.170841926027873706e+05
2.419264687474205857e+04 9.189439330483744561e+04 1.160870401795795042e+05
2.303119165588195028e+04 9.211141759995555913e+04 1.151426092558375094e+05
2.191797111927919104e+04 9.233197018341140938e+04 1.142499413026905968e+05
2.085189380416500353e+04 9.255611640474780870e+04 1.134080102089128050e+05
1.983179853842249577e+04 9.278393307180474221e+04 1.126157316102272307e+05
1.885646667314446313e+04 9.301550492792252044e+04 1.118719716010669799e+05
