5.574162737617331004e+03 3.736318654444239655e+03 9.310481392061570659e+03
2.398759193203531904e+05 4.901632480299558665e+03 2.447775518006527564e+05
1.842967891643399780e+05 5.798051441083227473e+03 1.900948406054232037e+05
1.326654812922088022e+05 6.368238478465912522e+03 1.390337197706747102e+05
1.045525500694836082e+05 6.517015456841530977e+03 1.110695655263251392e+05
8.748611863566757529e+04 6.422801939654455055e+03 9.390892057532203034e+04
7.559989717023320554e+04 6.171476706279885548e+03 8.177137387651309837e+04
6.638819697626188281e+04 5.900629205911786812e+03 7.228882618217366689e+04
5.864580105551140878e+04 5.468778040875970873e+03 6.411457909638738056e+04
5.185445457531259308e+04 5.002952537959565234e+03 5.685740711327215831e+04
4.567816688790386979e+04 4.569127907231322752e+03 5.024729479513519618e+04
4.000566417849544086e+04 4.185264897644356097e+03 4.419092907613980060e+04
3.481890854602893523e+04 3.858062646337405113e+03 3.867697119236634171e+04
3.012402340377952351e+04 3.587171307614526086e+03 3.371119471139404777e+04
2.592643417469171618e+04 3.368378381853234714e+03 2.929481255654495180e+04
2.222076617898446057e+04 3.195732440541609776e+03 2.541649861952607171e+04
1.898884592957674249e+04 3.062815278138023587e+03 2.205166120771476562e+04
1.620161867346656254e+04 2.963422652804492827e+03 1.916504132627105719e+04
1.382248602808527176e+04 2.891875566426832393e+03 1.671436159451210551e+04
1.181072655075654802e+04 2.843115821866713759e+03 1.465384237262326133e+04
1.012439659465297882e+04 2.812726331359476262e+03 1.293712292601245463e+04
8.722472016909006925e+03 2.796838969158467989e+03 1.151931098606747400e+04
7.566365599753840797e+03 2.792105390757657005e+03 1.035847099051149780e+04
6.620756768431602723e+03 2.795607886088794658e+03 9.416364654520397380e+03
5.854009871631665192e+03 2.804840507174560116e+03 8.658850378806226217e+03
5.238237810355671172e+03 2.817646110815019256e+03 8.055883921170690883e+03
4.749152590281154517e+03 2.832191352792484849e+03 7.581343943073639821e+03
4.365775453090638621e+03 2.846942459952885656e+03 7.212717913043524277e+03
4.070081763779181074e+03 2.860645276413197735e+03 6.930727040192378809e+03
3.846627638322585881e+03 2.872307287716613246e+03 6.718934926039199127e+03
3.682190622112113033e+03 2.881179819349933950e+03 6.563370441462046983e+03
3.565443872505823037e+03 2.886739172837470505e+03 6.452183045343293998e+03
3.486673467895986505e+03 2.888666023960789062e+03 6.375339491856775567e+03
3.437541338647443354e+03 2.886822911172839667e+03 6.324364249820282566e+03
3.410891496292467309e+03 2.881230054908254715e+03 6.292121551200722024e+03
3.400594312576738048e+03 2.872040051781370039e+03 6.272634364358107632e+03
3.401422165249225600e+03 2.859512175596077668e+03 6.260934340845303268e+03
3.408949446190741583e+03 2.843987094519931361e+03 6.252936540710672489e+03
3.419470381649013689e+03 2.825862794506510454e+03 6.245333176155523688e+03
3.429929052147199855e+03 2.805572403347048748e+03 6.235501455494248148e+03
3.437857179726308914e+03 2.783564461385904451e+03 6.221421641112213365e+03
3.441316483653142768e+03 2.760286008283574120e+03 6.201602491936717342e+03
3.438843555410721819e+03 2.736168672513106230e+03 6.175012227923827595e+03
3.429396180996909152e+03 2.711617779749334659e+03 6.141013960746244265e+03
3.412300797339899873e+03 2.687004351021128969e+03 6.099305148361028841e+03
3.387201299108687635e+03 2.662659749088159060e+03 6.049861048196846241e+03
3.354009727705555633e+03 2.638872654638085805e+03 5.992882382343641439e+03
3.312859508346313760e+03 2.615888011192357226e+03 5.928747519538670531e+03
3.264061895321510747e+03 2.593907564803656442e+03 5.857969460125166734e+03
3.208066183196719976e+03 2.573091635804972157e+03 5.781157819001691678e+03
3.145424083057459484e+03 2.553561788506809080e+03 5.698985871564268564e+03
3.076758481660272537e+03 2.535404104537661624e+03 5.612162586197933706e+03
3.002736623204401440e+03 2.518672810966564157e+03 5.521409434170966051e+03
2.924047595855031432e+03 2.503394060998215991e+03 5.427441656853246968e+03
2.841383878164139333e+03 2.489569709622816390e+03 5.330953587786955723e+03
2.755426608097933240e+03 2.477180966972871374e+03 5.232607575070804160e+03
2.666834178923080344e+03 2.466191847077601324e+03 5.133026026000681668e+03
2.576233738167780302e+03 2.456552358754348006e+03 5.032786096922128309e+03
2.484215163033468798e+03 2.448201408626116972e+03 4.932416571659585316e+03
2.391327102141112846e+03 2.441069404157427016e+03 4.832396506298539862e+03
2.298074703630534714e+03 2.435080557817027511e+03 4.733155261447562225e+03
2.204918688268909591e+03 2.430154902753961323e+03 4.635073591022870460e+03
2.112275469092040566e+03 2.426210036464859968e+03 4.538485505556900534e+03
2.020518062859421661e+03 2.423162612536036704e+03 4.443680675395458820e+03
1.929977580811968210e+03 2.420929602281999450e+03 4.350907183093967433e+03
1.840945125240919197e+03 2.419429348494649275e+03 4.260374473735568245e+03
1.753673953235279214e+03 2.418582657195604042e+03 4.172256610430883484e+03
1.668382510673304068e+03 2.418312584971027263e+03 4.086695095644331559e+03
1.585253799513558761e+03 2.418546388491453854e+03 4.003800188005012387e+03
1.504442640832289726e+03 2.419215011769838839e+03 3.923657652602128564e+03
1.426074607609848044e+03 2.420253633900048044e+03 3.846328241509896088e+03
1.350249258768064919e+03 2.421601884219686781e+03 3.771851142987751700e+03
1.277042383940898844e+03 2.423203970969081638e+03 3.700246354909980255e+03
1.206508146345141995e+03 2.425008735575906485e+03 3.631516881921048480e+03
1.138681122536677094e+03 2.426969642944871339e+03 3.565650765481548660e+03
1.073578235617019573e+03 2.429044717088086145e+03 3.502622952705105490e+03
1.011200581119280855e+03 2.431196430518259604e+03 3.442397011637540345e+03
9.515351465477360762e+02 2.433391555023497403e+03 3.384926701571233480e+03
8.945564265945765783e+02 2.435600980731883283e+03 3.330157407326460088e+03
8.402279366253766284e+02 2.437799509739005316e+03 3.278027446364381831e+03
7.885036272789428722e+02 2.439965629996745520e+03 3.228469257275688506e+03
7.393292030944743374e+02 2.442081274633311750e+03 3.181410477727786201e+03
6.926433480516748205e+02 2.444131571381766662e+03 3.136774919433441482e+03
6.483788608514309999e+02 2.446104586328646292e+03 3.094483447180077292e+03
6.064637027168362238e+02 2.447991065749601148e+03 3.054454768466437599e+03
5.668219604797851616e+02 2.449784179371421487e+03 3.016606139851206535e+03
5.293747277468078209e+02 2.451479267987230742e+03 2.980853995734038563e+03
4.940409070093681407e+02 2.453073597953548870e+03 2.947114504962917181e+03
4.607379356722556736e+02 2.454566124714828675e+03 2.915304060387084519e+03
4.293824391088464836e+02 2.455957267134341691e+03 2.885339706243188175e+03
3.998908140019398729e+02 2.457248694061816877e+03 2.857139508063756693e+03
3.721797453814162964e+02 2.458443124239948247e+03 2.830622869621364771e+03
3.461666609136768216e+02 2.459544140345881260e+03 2.805710801259558139e+03
3.217701261228803560e+02 2.460556017681813955e+03 2.782326143804694311e+03
2.989101843225260495e+02 2.461483567772386323e+03 2.760393752094912543e+03
2.775086451021810490e+02 2.462331996896604323e+03 2.739840641998785486e+03
2.574893252446564702e+02 2.463106779379264026e+03 2.720596104623920382e+03
2.387782459420925818e+02 2.463813545291201535e+03 2.702591791233294316e+03
2.213037901355523331e+02 2.464457982058956532e+03 2.685761772194508922e+03
2.049968237235989079e+02 2.465045749361614526e+03 2.670042573085213462e+03
