3.614162737617331004e+03 1.618349522991425999e+02 3.775997689916473519e+03
1.352260454188706171e+04 1.557627800291040501e+02 1.367836732191616647e+04
4.301780871134652261e+04 2.202014646080058355e+02 4.323801017595452868e+04
4.265356753816726996e+04 1.594615407069013031e+02 4.281302907887416950e+04
1.265438256473639012e+04 1.934569269783459617e+02 1.284783949171473614e+04
3.298349938745022882e+03 2.576433512308116178e+02 3.555993289975834614e+03
1.446209903282090181e+03 2.667721317017851561e+02 1.712982034983875337e+03
7.722426894321512236e+02 2.222590692097592182e+02 9.945017586419104418e+02
4.921381024329509160e+02 2.026240986554435324e+02 6.947622010883944768e+02
3.686813351818195770e+02 1.932882088807563150e+02 5.619695440625758920e+02
3.087803702541989992e+02 1.883928388728332379e+02 4.971732091270322371e+02
2.745944765242029462e+02 1.855736233340289232e+02 4.601680998582318693e+02
2.511468020515556248e+02 1.837321085791255655e+02 4.348789106306811618e+02
2.325955339341905415e+02 1.827177342619901310e+02 4.153132681961806725e+02
2.167046009784854448e+02 1.818463855432270577e+02 3.985509865217125025e+02
2.026535546972621376e+02 1.813661691366222897e+02 3.840197238338844272e+02
1.902289651561030439e+02 1.864148191519688567e+02 3.766437843080718721e+02
1.808106430003924174e+02 1.949857127023263388e+02 3.757963557027187562e+02
1.741797008375621090e+02 1.992698980529707455e+02 3.734495988905328545e+02
1.692925458194371231e+02 1.548689916802928508e+02 3.241615374997300023e+02
1.626883877348324745e+02 1.283277292686399562e+02 2.910161170034724591e+02
1.533802801277241201e+02 1.119707973985422456e+02 2.653510775262663515e+02
1.423631377378378886e+02 1.016561130490960210e+02 2.440192507869339238e+02
1.305620246405949558e+02 9.506900142491848271e+01 2.256310260655134243e+02
1.186673299624840894e+02 9.087262577909673666e+01 2.095399557415808260e+02
1.071377100971346863e+02 8.826598643898061880e+01 1.954036965361153193e+02
9.625300052473953372e+01 8.674704756183442100e+01 1.830000480865739405e+02
8.615416127653126921e+01 8.599011274136114480e+01 1.721442740178924282e+02
7.690627986654584447e+01 8.577435706611721855e+01 1.626806369326630488e+02
6.851388824685490420e+01 8.594482784581981605e+01 1.544587160926747060e+02
6.094722038567152822e+01 8.638974497876588998e+01 1.473369653644374182e+02
5.415692988756376280e+01 8.702680971967174628e+01 1.411837396072355091e+02
4.808383812028409210e+01 8.779460380033137312e+01 1.358784419206154723e+02
4.266523021937404536e+01 8.865238860448508262e+01 1.313176188238591351e+02
3.783880602114454206e+01 8.955177499531649232e+01 1.273905810164610273e+02
3.354543396381394871e+01 9.047561826999090329e+01 1.240210522338048520e+02
2.972871054953788672e+01 9.140412821171652524e+01 1.211328387612544191e+02
2.633785167679667438e+01 9.232266918561644786e+01 1.186605208624131222e+02
2.332674207159461233e+01 9.322059344893189348e+01 1.165473355205265023e+02
2.065385510560390614e+01 9.409033835088408182e+01 1.147441934564879915e+02
1.828199951881242669e+01 9.492672208742077089e+01 1.132087216062331976e+02
1.617798242384696294e+01 9.572639246625594467e+01 1.119043748901029005e+02
1.431223912824025035e+01 9.648739497840794854e+01 1.107996341066481989e+02
1.265846132313180661e+01 9.725978197148407389e+01 1.099182432946158769e+02
1.118973896179516458e+01 9.791911411830166401e+01 1.091088530800968215e+02
9.895289766294304457e+00 9.854597929998338657e+01 1.084412690662776981e+02
8.748504981063947028e+00 9.913962122429515489e+01 1.078881262053591001e+02
7.733453695288188712e+00 9.969994556739257519e+01 1.074333992626807657e+02
6.835756875215043493e+00 1.002273730110118350e+02 1.070631298862268750e+02
6.042480328001034628e+00 1.007227005101612889e+02 1.067651808381623226e+02
5.342004352310362414e+00 1.011869926535599831e+02 1.065289970058703517e+02
4.723900636232079009e+00 1.016214971008103873e+02 1.063453977370424610e+02
4.178819263225776126e+00 1.020275791803722996e+02 1.062063984435980757e+02
3.698385942332369947e+00 1.024066716765697294e+02 1.061050576189020944e+02
3.275108960247225642e+00 1.027602366104683398e+02 1.060353455707155632e+02
2.902295057127361577e+00 1.030897364553761122e+02 1.059920315125034733e+02
2.573973319689683237e+00 1.033966127462075946e+02 1.059705860658972796e+02
2.284826190104416010e+00 1.036822704624509726e+02 1.059670966525553837e+02
2.030126757319436592e+00 1.039480669035355760e+02 1.059781936608550126e+02
1.805681595667141259e+00 1.041953040471818923e+02 1.060009856428490309e+02
1.607778522803292365e+00 1.044252235979317192e+02 1.060330021207350057e+02
1.433138752459388154e+00 1.046390041047618951e+02 1.060721428572212801e+02
1.278873010111998720e+00 1.048377596621161700e+02 1.061166326722281639e+02
1.142441258253930947e+00 1.050225398150297877e+02 1.061649810732837125e+02
1.021615741713687298e+00 1.051943303722015628e+02 1.062159461139152512e+02
9.144471131350302429e-01 1.053540548957318066e+02 1.062685020088668324e+02
8.192334358682635820e-01 1.055025766867201469e+02 1.063218101225884169e+02
7.344918880994512067e-01 1.056407011251513097e+02 1.063751930132507653e+02
6.589330101202182099e-01 1.057691782530061033e+02 1.064281112631263255e+02
5.914373481944428246e-01 1.058887055132954345e+02 1.064801428614898811e+02
5.310343552948680879e-01 1.059999305762846546e+02 1.065309649315795184e+02
4.768834125927526313e-01 1.061034541987613977e+02 1.065803376113541532e+02
4.282568372534927836e-01 1.061998330737313978e+02 1.066280899109848974e+02
3.845247428156654546e-01 1.062895826371209154e+02 1.066741073799365864e+02
3.451416189683064739e-01 1.063731798054606941e+02 1.067183214244290070e+02
3.096344984251961918e-01 1.064510656245343938e+02 1.067607001229595909e+02
2.775925801800818160e-01 1.065236478139030538e+02 1.068012403940831376e+02
2.486581809133107668e-01 1.065913031962921025e+02 1.068399613772054124e+02
2.225188897879329109e-01 1.066543800042229577e+02 1.068768988940108926e+02
1.989008063118652136e-01 1.067132000591104202e+02 1.069121008654222891e+02
1.775627462718034899e-01 1.067680608204279906e+02 1.069456235666997941e+02
1.582913068434599058e-01 1.068192373045340844e+02 1.069775286113775508e+02
1.408966886999282464e-01 1.068669838744108063e+02 1.070078805631107315e+02
1.252091801138512095e-01 1.069115359029340198e+02 1.070367450830478759e+02
1.110762155158477177e-01 1.069531113134045199e+02 1.070641875289203711e+02
9.835992857420987334e-02 1.069919120019559955e+02 1.070902719305302071e+02
8.693512745610243453e-02 1.070281251471377999e+02 1.071150602745939011e+02
7.668762739090179137e-02 1.070619244124770404e+02 1.071386120398679367e+02
6.751288287418111267e-02 1.070934710481702865e+02 1.071609839310444698e+02
5.931486873751753292e-02 1.071229148982653072e+02 1.071822297670028235e+02
5.200516579609532064e-02 1.071503953197809977e+02 1.072024004855770869e+02
4.550221282289793057e-02 1.071760420201994748e+02 1.072215442330223709e+02
3.973069215129568232e-02 1.071999758196624555e+02 1.072397065118137505e+02
3.462102125987957107e-02 1.072223093440304780e+02 1.072569303652903585e+02
3.010892723897027126e-02 1.072431476547312457e+02 1.072732565819702160e+02
2.613508508435560124e-02 1.072625888210464353e+02 1.072887239061307980e+02
2.264480432571070942e-02 1.072807244401750069e+02 1.073033692445007148e+02
1.958775159800209276e-02 1.072976401100761024e+02 1.073172278616740982e+02
1.691769943188810993e-02 1.073134158597466126e+02 1.073303335591784986e+02
1.459229380606963042e-02 1.073281265412318390e+02 1.073427188350379140e+02
