3.625362737564931649e+03 2.138566297552337687e+02 3.839219367320165475e+03
1.865781001460299012e+04 2.077553535888711451e+02 1.886556536819186294e+04
6.388708133382671804e+04 2.300249511314094661e+02 6.411710628495812853e+04
3.934144078415440890e+04 1.846970333603693177e+02 3.952613781751477654e+04
1.001869972461735597e+04 2.420483004934220048e+02 1.026074802511077723e+04
3.407436677360215526e+03 2.956870428841176022e+02 3.703123720244333072e+03
1.603788621773621571e+03 3.177157219941530002e+02 1.921504343767774571e+03
9.032028911313470871e+02 3.270667213627434649e+02 1.230269612494090552e+03
6.002172037752170581e+02 2.270969028233346876e+02 8.273141065985516889e+02
4.652718467367948278e+02 1.929859139178611542e+02 6.582577606546559537e+02
4.018430029023697898e+02 1.820945105493002529e+02 5.839375134516700427e+02
3.641367118171447714e+02 1.789216534818752393e+02 5.430583652990200108e+02
3.375575814493299731e+02 1.781039917562617632e+02 5.156615732055917078e+02
3.180872134698230411e+02 1.828130726245775577e+02 5.009002860944005988e+02
3.039805056524594988e+02 1.908819702180337288e+02 4.948624758704931992e+02
2.919707339112588329e+02 2.023476815687823205e+02 4.943184154800411534e+02
2.812299409491800475e+02 2.162385610470291510e+02 4.974685019962091701e+02
2.714430720303213889e+02 2.315008235727583781e+02 5.029438956030797954e+02
2.625301675847410365e+02 2.472902092932529001e+02 5.098203768779939082e+02
2.553366899473376748e+02 2.606492876490878530e+02 5.159859775964255277e+02
2.499218038184683905e+02 2.700177847405604439e+02 5.199395885590288344e+02
2.476276138301111018e+02 2.696833926222074069e+02 5.173110064523184519e+02
2.495388632307169416e+02 2.142451001750140733e+02 4.637839634057310150e+02
2.491057459618095606e+02 1.416808503764553961e+02 3.907865963382649852e+02
2.379495619472151020e+02 1.012865380719735526e+02 3.392361000191886546e+02
2.191747543631809663e+02 7.819781163549852465e+01 2.973725659986794767e+02
1.988044947153177304e+02 6.508959838518848073e+01 2.638940931005062112e+02
1.793846314509399633e+02 5.813640885199097141e+01 2.375210403029309418e+02
1.617034333841217517e+02 5.523021786713305659e+01 2.169336512512548154e+02
1.459294328535046645e+02 5.512747857008654506e+01 2.010569114235912025e+02
1.320507742795164177e+02 5.701812766201130955e+01 1.890689019415277130e+02
1.199904698058520438e+02 6.031035561592809557e+01 1.803008254217801323e+02
1.096278685512717317e+02 6.453348560397434142e+01 1.741613541552460731e+02
1.007944845782071752e+02 6.929907083620717856e+01 1.700935554144143680e+02
9.330305215345519798e+01 7.429175301552888300e+01 1.675948051689840668e+02
8.694985564222103847e+01 7.926621676289639140e+01 1.662160724051174157e+02
8.153331644927700950e+01 8.404375650388126928e+01 1.655770729531582788e+02
7.686571663065613791e+01 8.850539979314584116e+01 1.653711164238019933e+02
7.278106436903794929e+01 9.258221083846058264e+01 1.653632752074985319e+02
6.913924735518811815e+01 9.624438361813361098e+01 1.653836309733217149e+02
6.582708251246886277e+01 9.949063990678337177e+01 1.653177224192522203e+02
6.275704739538187482e+01 1.023389358788362102e+02 1.650959832742180993e+02
5.986448951963359377e+01 1.048190302809724272e+02 1.646835198006060068e+02
5.710014062058657913e+01 1.069663898714638890e+02 1.640665304920504752e+02
5.444360471609956420e+01 1.088188736163187258e+02 1.632624783324182829e+02
5.186975720536207035e+01 1.104134417480762380e+02 1.622831989534383013e+02
4.936759685769480654e+01 1.117847789220536043e+02 1.611523757797484109e+02
4.693658817170378228e+01 1.129641342909325061e+02 1.599007224626362813e+02
4.458981923444385131e+01 1.139795003204818471e+02 1.585693195549256984e+02
4.232199564901100786e+01 1.148551712261796212e+02 1.571771668751906361e+02
4.012932296363695173e+01 1.156118280047154201e+02 1.557411509683523718e+02
3.801819416310375743e+01 1.162673515764488883e+02 1.542855457395526457e+02
3.598138308269407304e+01 1.168368362869670989e+02 1.528182193696611648e+02
3.401470458445514566e+01 1.173328393030934222e+02 1.513475438875485679e+02
3.212309627418515134e+01 1.177661682831702450e+02 1.498892645573554034e+02
3.030072729526513697e+01 1.181458811820824195e+02 1.484466084773475529e+02
2.854455328258634950e+01 1.184794333665866901e+02 1.470239866491730254e+02
2.685856149858458508e+01 1.187733804510426978e+02 1.456319419496272758e+02
2.523695013673216181e+01 1.190330520625453232e+02 1.442700021992774850e+02
2.368157836015547346e+01 1.192629555543803264e+02 1.429445339145358105e+02
2.219262417923417630e+01 1.194671649928919521e+02 1.416597891721261249e+02
2.076615731139586174e+01 1.196487967483650863e+02 1.404149540597609587e+02
1.940409423408442535e+01 1.198108764676342304e+02 1.392149707017186415e+02
1.810355333142216239e+01 1.199557088015786945e+02 1.380592621330008569e+02
1.686491086374152815e+01 1.200852566455928638e+02 1.369501675093343920e+02
1.568769943154971180e+01 1.202015573644883801e+02 1.358892567960380973e+02
1.456991618413385225e+01 1.203060009666011325e+02 1.348759171507349777e+02
1.351092480580661892e+01 1.203997755911390612e+02 1.339107003969456855e+02
1.250984998715510166e+01 1.204842225425972515e+02 1.329940725297523443e+02
1.156524351053868926e+01 1.205603249671380581e+02 1.321255684776767509e+02
1.067557046598381731e+01 1.206289402992368878e+02 1.313045107652206980e+02
9.839422899737632733e+00 1.206908182772749001e+02 1.305302411770125275e+02
9.055270566058730708e+00 1.207466161212555988e+02 1.298018866873143224e+02
8.321466472705187911e+00 1.207969117053012837e+02 1.291183781780064805e+02
7.636263376951102799e+00 1.208422599597195699e+02 1.284785233366706620e+02
6.997816336821615302e+00 1.208829946009862795e+02 1.278808109378078939e+02
6.404213718181814841e+00 1.209196015599127918e+02 1.273238152780945995e+02
5.853575316811066465e+00 1.209524371760760602e+02 1.268060124928871204e+02
5.343828437854230451e+00 1.209818222753060866e+02 1.263256507131603144e+02
4.872940653038037695e+00 1.210080474034476197e+02 1.258809880564856627e+02
4.438869107429107785e+00 1.210313601419172898e+02 1.254702292493464029e+02
4.039584530979036359e+00 1.210520202688400104e+02 1.250916047998190521e+02
3.673035598263142187e+00 1.210702540018865108e+02 1.247432896001496516e+02
3.337261267240557050e+00 1.210862680128096258e+02 1.244235292800501895e+02
3.030228928131587729e+00 1.211002527469149470e+02 1.241304816750465392e+02
2.750004715363301155e+00 1.211124250153584683e+02 1.238624297307217716e+02
2.494771716178383336e+00 1.211228578950654224e+02 1.236176296112437996e+02
2.262649240339862811e+00 1.211317603962621376e+02 1.233944096366020062e+02
2.051847562286887250e+00 1.211392770228824389e+02 1.231911245851693195e+02
1.860776309702525388e+00 1.211455439557729363e+02 1.230063202654754662e+02
1.687851496622264413e+00 1.211507289244523093e+02 1.228385804210745675e+02
1.531645251283470399e+00 1.211548558265627804e+02 1.226865010778462448e+02
1.390600840700402241e+00 1.211580957504869929e+02 1.225486965911873938e+02
1.263367629975678863e+00 1.211605515996589162e+02 1.224239192296345919e+02
1.148780967866644964e+00 1.211623196797116719e+02 1.223111006475783142e+02
1.045676802640157721e+00 1.211634892269038346e+02 1.222091660295439937e+02
9.529705092567267721e-01 1.211641424456075669e+02 1.221171129548642966e+02
8.696622563302236486e-01 1.211643547624493209e+02 1.220340170187795508e+02
7.948330583767927449e-01 1.211641601685417271e+02 1.219589932269185226e+02
7.275578408008670506e-01 1.211637064410469975e+02 1.218912642818478673e+02
