3.614162737617331004e+03 1.618349522991425999e+02 3.775997689916473519e+03
1.352260454188706171e+04 1.582038215705716482e+02 1.368080836345763419e+04
4.361256911613490956e+04 2.338170194107136410e+02 4.384638613554562471e+04
3.571105516369673569e+04 1.662749239687476006e+02 3.587733008766548301e+04
1.190626936539074813e+04 2.138500540891939750e+02 1.212011941947994274e+04
4.706843940122655113e+03 2.522695552269692314e+02 4.959113495349623918e+03
2.170278183971970975e+03 2.438021603353342925e+02 2.414080344307305495e+03
1.058844900040354332e+03 2.015494881747367799e+02 1.260394388215091112e+03
5.743293982065669070e+02 1.869919622295990962e+02 7.613213604361660600e+02
3.777379261044551413e+02 1.828774462956848481e+02 5.606153724001400178e+02
3.005578739543529991e+02 1.826359560906224715e+02 4.831938300449754706e+02
2.676990942517729763e+02 1.838684337218790006e+02 4.515675279736519769e+02
2.497783691294142443e+02 1.856432068557120374e+02 4.354215759851263101e+02
2.363048866828442556e+02 1.875597736022941717e+02 4.238646602851384273e+02
2.239980693313065672e+02 1.895758097452207380e+02 4.135738790765273052e+02
2.120623881448804582e+02 1.911014698155243252e+02 4.031638579604048118e+02
2.007057237025260577e+02 1.943156698855959803e+02 3.950213935881220095e+02
1.902316649002808617e+02 2.047244210294104221e+02 3.949560859296913122e+02
1.819650702129711419e+02 2.147387643550344762e+02 3.967038345680056182e+02
1.778251587967536125e+02 2.186150706587081061e+02 3.964402294554616901e+02
1.747663812429373991e+02 1.809862280420066725e+02 3.557526092849440715e+02
1.690286847764275535e+02 1.303754461353672980e+02 2.994041309117948231e+02
1.567256951332398387e+02 1.036870563166708337e+02 2.604127514499106724e+02
1.408380791818262026e+02 8.899948602691767974e+01 2.298375652087438823e+02
1.247005095382378101e+02 8.080434745862265800e+01 2.055048569968604681e+02
1.096397247696994839e+02 7.637082026863996020e+01 1.860105450383394441e+02
9.608478388261791281e+01 7.425369620165395190e+01 1.703384800842718505e+02
8.406781594520326450e+01 7.362906197245115436e+01 1.576968779176544331e+02
7.351574788328271381e+01 7.398911875880143896e+01 1.475048666420841528e+02
6.430198246727616151e+01 7.499626307698514438e+01 1.392982455442613059e+02
5.628734716275054240e+01 7.641475630105522043e+01 1.327021034638057699e+02
4.933550359890385550e+01 7.808693795369332236e+01 1.274224415525971779e+02
4.330735223052258220e+01 7.989174483202562271e+01 1.231990970625482049e+02
3.808552693195014172e+01 8.174708349186407474e+01 1.198326104238142165e+02
3.355999019382510085e+01 8.359566181445205757e+01 1.171556520082771584e+02
2.963351997906022817e+01 8.539837365003077707e+01 1.150318936290910017e+02
2.622135238431988924e+01 8.712943244062662984e+01 1.133507848249465155e+02
2.325029692724204722e+01 8.877275925324902062e+01 1.120230561804910678e+02
2.065759214699356150e+01 9.031929110826887097e+01 1.109768832552624360e+02
1.838967283732406699e+01 9.176497622418706612e+01 1.101546490615111367e+02
1.640095806861513239e+01 9.310928566907752213e+01 1.095102437376926616e+02
1.465272247681432738e+01 9.435289974948037184e+01 1.090056222262947045e+02
1.311363296287862390e+01 9.550233506662092964e+01 1.086159680294995553e+02
1.175193296532013143e+01 9.656013026834087043e+01 1.083120632336610072e+02
1.054641030743663421e+01 9.753149390438858291e+01 1.080779042118252136e+02
9.476737192864261417e+00 9.842190797370349742e+01 1.078986451665677606e+02
8.525571802688897805e+00 9.923692402945980007e+01 1.077624958321487014e+02
7.678091641536376244e+00 9.998201945540773750e+01 1.076601110969441208e+02
6.921590660122260097e+00 1.006614775252474061e+02 1.075830681853696689e+02
6.246446297295678463e+00 1.012828961453970749e+02 1.075293424426927515e+02
5.640032560533024153e+00 1.018494075214164667e+02 1.074894400819494962e+02
5.096320764711478546e+00 1.023655749557368324e+02 1.074618957204483110e+02
4.608160477112880571e+00 1.028356456642608805e+02 1.074438061413737557e+02
4.169328426516060837e+00 1.032625258080852149e+02 1.074318542346012748e+02
3.775648028023624647e+00 1.036524012896913689e+02 1.074280493177149935e+02
3.419315902472043422e+00 1.040069479409162341e+02 1.074262638433882842e+02
3.098186408618583965e+00 1.043293052890813470e+02 1.074274916976999350e+02
2.808532357004590363e+00 1.046212150164920587e+02 1.074297473734966530e+02
2.548319865759600678e+00 1.048880857044068620e+02 1.074364055701664569e+02
2.311558126219446674e+00 1.051304769353888133e+02 1.074420350616082658e+02
2.097696702495922771e+00 1.053506333649758062e+02 1.074483300674717299e+02
1.904405552348812813e+00 1.055505912290160495e+02 1.074549967813648692e+02
1.729595417913426081e+00 1.057321987646435275e+02 1.074617941825569574e+02
1.571414978429382936e+00 1.058971346228104551e+02 1.074685496012398431e+02
1.428217200940516074e+00 1.060469240578332943e+02 1.074751412587738173e+02
1.298531814359547010e+00 1.061829532894528398e+02 1.074814851038123891e+02
1.181042743889296975e+00 1.063064823394620646e+02 1.074875250833513576e+02
1.074569335184868191e+00 1.064186565707674248e+02 1.074932259059522863e+02
9.780505260948243462e-01 1.065205171043697021e+02 1.074985676304645210e+02
8.905313522996339826e-01 1.066130102526144441e+02 1.075035416049140764e+02
8.111513316397848117e-01 1.066969960804665476e+02 1.075081474121063394e+02
7.391343834835605309e-01 1.067732561872338550e+02 1.075123905707174146e+02
6.737800192402529920e-01 1.068425007868621606e+02 1.075162808061024151e+02
6.144555980557473429e-01 1.069053751540914163e+02 1.075198307521471577e+02
5.605894844863670290e-01 1.069624654953562981e+02 1.075230549798426694e+02
5.116649770098417038e-01 1.070139638749880078e+02 1.075256288519978511e+02
4.677092955175664590e-01 1.070611939577312910e+02 1.075289032532488562e+02
4.270930568528707449e-01 1.071040399585291567e+02 1.075311330153820251e+02
3.902178137842399752e-01 1.071429181088527542e+02 1.075331359226370012e+02
3.567276382185788908e-01 1.071782029508948568e+02 1.075349305891134293e+02
3.262874322449225706e-01 1.072102317980524049e+02 1.075365192302973298e+02
2.985997515571989225e-01 1.072393089876577079e+02 1.075379087392149131e+02
2.733994704104678597e-01 1.072657094931285684e+02 1.075391089635390358e+02
2.504493060024262641e-01 1.072894334015739162e+02 1.075398827075763393e+02
2.298843636149366654e-01 1.073113196435184449e+02 1.075412040071333877e+02
2.106663464347152404e-01 1.073311664091181825e+02 1.075418327555529032e+02
1.931650655512034964e-01 1.073491711338587606e+02 1.075423361994099594e+02
1.772256031942857912e-01 1.073655103045909840e+02 1.075427359077852714e+02
1.626909471956497488e-01 1.073803421788503840e+02 1.075430331260460406e+02
1.494232864230695401e-01 1.073935930039593529e+02 1.075430162903824254e+02
1.375636014780482197e-01 1.074059236099759715e+02 1.075434872114540212e+02
1.263709247607806840e-01 1.074170972258397541e+02 1.075434681506005319e+02
1.161434278635128797e-01 1.074272289632130963e+02 1.075433723910766162e+02
1.068058236344151396e-01 1.074364208713267885e+02 1.075432266949612057e+02
9.826774914666147609e-02 1.074445603059939600e+02 1.075428280551406175e+02
9.064537976001059427e-02 1.074522299903217970e+02 1.075428753700818021e+02
8.340886703769363753e-02 1.074591713558953217e+02 1.075425802229330117e+02
7.676890263017657756e-02 1.074654596215873710e+02 1.075422285242175491e+02
7.069440776045543551e-02 1.074709538239140301e+02 1.075416482316744862e+02
6.526447887890214627e-02 1.074762222290661242e+02 1.075414867079450261e+02
