0.000000000000000000e+00 1.374722310507140151e+02 1.374722310507140151e+02
4.361791598132857217e+00 1.569961032782414918e+02 1.613578948763743597e+02
1.684967471004572204e+01 1.693337125112708179e+02 1.861833872213165364e+02
3.551504515591715005e+01 1.774767597198311080e+02 2.129918048757482438e+02
5.498424782076441630e+01 1.829697677369736084e+02 2.379540155577380176e+02
7.439892882533023055e+01 1.867619535452761852e+02 2.611608823706064300e+02
9.445491987597141303e+01 1.893981957728446162e+02 2.838531156488160150e+02
1.157110962813892314e+02 1.910511400790875314e+02 3.067622363604767770e+02
1.381317366508153555e+02 1.916339394766883686e+02 3.297656761275037525e+02
1.611682195900372108e+02 1.909544855966526598e+02 3.521227051866898705e+02
1.840509580648509882e+02 1.888563520837591625e+02 3.729073101486101223e+02
2.060988609845587405e+02 1.853230956057194305e+02 3.914219565902781710e+02
2.269049699002293607e+02 1.804912275961854675e+02 4.073961974964148567e+02
2.464110439242214738e+02 1.746345268346565831e+02 4.210455707588780569e+02
2.648231397123061015e+02 1.680889613173251007e+02 4.329121010296312306e+02
2.824828081095851076e+02 1.611959094421274301e+02 4.436787175517125661e+02
2.997352028105686372e+02 1.542416591158804522e+02 4.539768619264490894e+02
3.168402435197372142e+02 1.474360692822919816e+02 4.642763128020292243e+02
3.339427056179890201e+02 1.409132874748776203e+02 4.748559930928666404e+02
3.510781337019044486e+02 1.347472277294847345e+02 4.858253614313891831e+02
3.681981072155722927e+02 1.289718038426970850e+02 4.971699110582693493e+02
3.851979596214681578e+02 1.235994317013045816e+02 5.087973913227727394e+02
4.019386384362070430e+02 1.186348045758472409e+02 5.205734430120543266e+02
4.182609669402444297e+02 1.140835180582025004e+02 5.323444849984468874e+02
4.339939244896340824e+02 1.099564580485794494e+02 5.439503825382134892e+02
4.489593951738237934e+02 1.062712678545858154e+02 5.552306630284095945e+02
4.629754359957346992e+02 1.030520992107593088e+02 5.660275352064940080e+02
4.758594120487056784e+02 1.003285477018015968e+02 5.761879597505072752e+02
4.874317492881203862e+02 9.813435481937625582e+01 5.855661041074965851e+02
4.975206494013310135e+02 9.650619923387691301e+01 5.940268486352078980e+02
5.059678490638012818e+02 9.548271385709061576e+01 6.014505629208919117e+02
5.126353415754360867e+02 9.510373147525965010e+01 6.077390730506957652e+02
5.174126874851938283e+02 9.540971290918595571e+01 6.128224003943797698e+02
5.202248145805201602e+02 9.644121366846731291e+01 6.166660282489874589e+02
5.210393824586160463e+02 9.823831569719573054e+01 6.192776981558117768e+02
5.198733576604194013e+02 1.008398803593039759e+02 6.207132380197233488e+02
5.167980768691140838e+02 1.042825471391807213e+02 6.210806240082947625e+02
5.119421534163371916e+02 1.085994465123744419e+02 6.205415999287116620e+02
5.054917061425252882e+02 1.138186393778517242e+02 6.193103455203770409e+02
4.976875890710384169e+02 1.199613387442005887e+02 6.176489278152389488e+02
4.888195595055638023e+02 1.270399979470876985e+02 6.158595574526515293e+02
4.792176033902875929e+02 1.350563557077598205e+02 6.142739590980473849e+02
4.692408927211002947e+02 1.439995111314440805e+02 6.132404038525444321e+02
4.592650368739375040e+02 1.538440691919934977e+02 6.131091060659309733e+02
4.496683813256375970e+02 1.645483647774655651e+02 6.142167461031031053e+02
4.408181020938076813e+02 1.760527594653513574e+02 6.168708615591590387e+02
4.330567662740040191e+02 1.882780245099534397e+02 6.213347907839574873e+02
4.266899191246038754e+02 2.011238800611691033e+02 6.278137991857729503e+02
4.219751607856409805e+02 2.144678441147742092e+02 6.364430049004151897e+02
4.191131260959174369e+02 2.281646323708183957e+02 6.472777584667358042e+02
4.182407951144405729e+02 2.420464141849485600e+02 6.602872092993891329e+02
3.332344982587559343e+02 2.839779314632799583e+02 6.172124297220359495e+02
2.698585897657732744e+02 3.118360262799653810e+02 5.816946160457387123e+02
2.216233126361499330e+02 3.264458625614417429e+02 5.480691751975916759e+02
1.824471103081154126e+02 3.310387456074352599e+02 5.134858559155507010e+02
1.536100122670521557e+02 3.302512357191930619e+02 4.838612479862451892e+02
1.364274169543395772e+02 3.267868254721685730e+02 4.632142424265081218e+02
1.303299617257578120e+02 3.212779169470401257e+02 4.516078786727979377e+02
1.338461322869021615e+02 3.167359243169655656e+02 4.505820566038677271e+02
1.442536972417128425e+02 3.136814331179144233e+02 4.579351303596272373e+02
1.619064720831522948e+02 3.104889801430174998e+02 4.723954522261698230e+02
1.952769303979215181e+02 3.074597183526657318e+02 5.027366487505872783e+02
2.503652464921700016e+02 3.045633411696387043e+02 5.549285876618087059e+02
3.351498755912813294e+02 3.023503984721428992e+02 6.375002740634242855e+02
4.590186724985063620e+02 3.006044608731739913e+02 7.596231333716802965e+02
6.344417768176093659e+02 2.997351580350986069e+02 9.341769348527079728e+02
8.748790050381002175e+02 2.997779393075128951e+02 1.174656944345613056e+03
1.198001824882193205e+03 3.008747359692678742e+02 1.498876560851461136e+03
1.624616614529720437e+03 3.030812988944330186e+02 1.927697913424153512e+03
2.178694386877295528e+03 3.065222327268552363e+02 2.485216619604150765e+03
2.887404693889786813e+03 3.113598859027004551e+02 3.198764579792487439e+03
3.781191596694854070e+03 3.177816481994229889e+02 4.098973244894276831e+03
4.893454043048624953e+03 3.258986484272493271e+02 5.219352691475874053e+03
6.260040925524835984e+03 3.359356644307287070e+02 6.595976589955565032e+03
7.918093401876666576e+03 3.481348535129847619e+02 8.266228255389651167e+03
9.904331883424261832e+03 3.623200066452112083e+02 1.026665189006947367e+04
1.225148763326731569e+04 3.805429212502011751e+02 1.263203055451751607e+04
1.497248105831133216e+04 4.043366593269384452e+02 1.537681771763827055e+04
1.805620962888810755e+04 4.346299674723969133e+02 1.849083959636050349e+04
2.145630819200108817e+04 4.727262265665172549e+02 2.192903441856760401e+04
2.507772455473895388e+04 5.210362139917446029e+02 2.559876076873069906e+04
2.875772486234852113e+04 5.818874449154285458e+02 2.933961230726394933e+04
3.225423290998159791e+04 6.575671792565261740e+02 3.291180008923812420e+04
3.524465698445945600e+04 7.480270150549474693e+02 3.599268399951440369e+04
3.726570976013261679e+04 8.538211582889900910e+02 3.811953091842160939e+04
3.797969917550496029e+04 9.735209324511379236e+02 3.895322010795609822e+04
3.715890625291136530e+04 1.095131567376453404e+03 3.825403782028782007e+04
3.471739451182395715e+04 1.194924436188799064e+03 3.591231894801275484e+04
3.097997144868049509e+04 1.242711870376328761e+03 3.222268331905682498e+04
2.642035719728530967e+04 1.233580298467524699e+03 2.765393749575283437e+04
2.218795466495803703e+04 1.104016633030437561e+03 2.329197129798847527e+04
1.815419632213052319e+04 8.828684245439392271e+02 1.903706474667446309e+04
1.467116873716328155e+04 6.284310830389426883e+02 1.529959982020222378e+04
1.178957716776452617e+04 4.225878631449231762e+02 1.221216503090944934e+04
9.436046794844451142e+03 2.863618902526121701e+02 9.722408685097063426e+03
7.523361914810132475e+03 1.998241359541054294e+02 7.723186050764237734e+03
5.994736914477823120e+03 1.440727928378241813e+02 6.138809707315647756e+03
4.812172900339895023e+03 1.069234515343748626e+02 4.919096351874270113e+03
3.947552440428089085e+03 8.129837632940625269e+01 4.028850816757495522e+03
3.377789820388164117e+03 6.318424156744338660e+01 3.440974061955607340e+03
3.082165736781207215e+03 5.024098901234200554e+01 3.132406725793549413e+03
3.040735407315494285e+03 4.102432050898777049e+01 3.081759727824482070e+03
3.233018081445564803e+03 3.472420660346857346e+01 3.267742288049033505e+03
3.635292521209075858e+03 3.056954060093301706e+01 3.665862061810008981e+03
4.223156762385860929e+03 2.803325445530353832e+01 4.251190016841164834e+03
4.964542533801498394e+03 2.723349124363023677e+01 4.991776025045128335e+03
5.822943532657295691e+03 2.752180984964498833e+01 5.850465342506940942e+03
6.767578292847504599e+03 2.961324949675580598e+01 6.797191542344260597e+03
7.757131000045284964e+03 3.298910444212425830e+01 7.790120104487409662e+03
8.740817373934154602e+03 3.879026645617528146e+01 8.779607640390329834e+03
9.665504709532444394e+03 3.827316663739035363e+01 9.703777876169835508e+03
1.054526256521959112e+04 4.399924912733952453e+01 1.058926181434692990e+04
1.129054450645103861e+04 4.618752657017373764e+01 1.133673203302121146e+04
1.190082972776443785e+04 4.515305153502740154e+01 1.194598277929946562e+04
1.235618198482915068e+04 4.493976393716987161e+01 1.240112174876631980e+04
1.259411421363984846e+04 4.714426928672193640e+01 1.264125848292657065e+04
1.257169681160339678e+04 4.740757844313559843e+01 1.261910439004653199e+04
1.227799791014375478e+04 5.130139398909152249e+01 1.232929930413284637e+04
1.164578146525727425e+04 5.742980983030457054e+01 1.170321127508757854e+04
1.065696107095497246e+04 6.366526374906398900e+01 1.072062633470403671e+04
9.324501937360739248e+03 6.854916714635255914e+01 9.393051104507092532e+03
7.683213562436632856e+03 7.328519404775789781e+01 7.756498756484390469e+03
5.866987607320175812e+03 7.774113318602471168e+01 5.944728740506200666e+03
4.160209149165652889e+03 8.653692606523985376e+01 4.246746075230892529e+03
3.308728658529363202e+03 9.791900642941460831e+01 3.406647664958778023e+03
4.650690644468500068e+03 1.121457381387336056e+02 4.762836382607233645e+03
1.152860628120403453e+04 1.408132401570180150e+02 1.166941952136105283e+04
3.280385912021448166e+04 2.011946909175161693e+02 3.300505381113199837e+04
9.604875376838736702e+04 3.682470583223272342e+02 9.641700082670970005e+04
3.255824404567973688e+05 1.054187676539313770e+03 3.266366281333366642e+05
2.338848345328844152e+06 1.120753484925151133e+04 2.350055880178095773e+06
6.006222740836737843e+19 1.141519200230689024e+18 6.120374660859806515e+19
nan nan nan
nan nan nan
nan nan nan
nan nan nan
nan nan nan
nan nan nan
nan nan nan
nan nan nan
nan nan nan
nan nan nan
nan nan nan
nan nan nan
nan nan nan
nan nan nan
nan nan nan
nan nan nan
nan nan nan
nan nan nan
nan nan nan
nan nan nan
nan nan nan
nan nan nan
nan nan nan
nan nan nan
nan nan nan
nan nan nan
nan nan nan
nan nan nan
nan nan nan
nan nan nan
nan nan nan
nan nan nan
nan nan nan
nan nan nan
nan nan nan
nan nan nan
nan nan nan
nan nan nan
nan nan nan
nan nan nan
nan nan nan
nan nan nan
nan nan nan
nan nan nan
nan nan nan
nan nan nan
nan nan nan
nan nan nan
nan nan nan
nan nan nan
nan nan nan
nan nan nan
nan nan nan
nan nan nan
nan nan nan
nan nan nan
nan nan nan
nan nan nan
nan nan nan
nan nan nan
nan nan nan
nan nan nan
nan nan nan
nan nan nan
nan nan nan
nan nan nan
nan nan nan
nan nan nan
