3.694815827268876546e+03 3.091175620621480675e+02 4.003933389331024500e+03
3.067203068826872550e+04 5.448785467056319476e+02 3.121690923497435870e+04
6.618444304674389423e+04 5.957354672057713287e+02 6.678017851394966419e+04
3.221241169382610678e+04 8.276062350672536923e+02 3.304001792889335775e+04
1.970994640126868762e+04 1.015205278860616772e+03 2.072515168012930371e+04
1.508189742613818271e+04 1.069605574126078409e+03 1.615150300026426157e+04
1.267481907656677504e+04 1.041676143780656957e+03 1.371649522034743131e+04
1.095471656370197343e+04 1.015584749558059798e+03 1.197030131326003357e+04
9.511743570551354424e+03 1.010613915576540990e+03 1.052235748612789575e+04
8.247626560561555380e+03 1.016484852788515354e+03 9.264111413350070507e+03
7.122102621839522726e+03 9.717829369366564833e+02 8.093885558776179096e+03
6.137289060264090949e+03 9.055311378238037605e+02 7.042820198087894823e+03
5.270838646783548938e+03 8.603849423217099002e+02 6.131223589105258725e+03
4.507532922606065767e+03 8.327204590754088258e+02 5.340253381681474821e+03
3.841266824332592932e+03 8.202841548055188241e+02 4.661550979138111870e+03
3.273305875884640500e+03 8.211231206208029789e+02 4.094428996505443592e+03
2.799467947389052370e+03 8.335618528683718296e+02 3.633029800257424085e+03
2.411951762653704463e+03 8.561558924978294272e+02 3.268107655151533891e+03
2.101009513709270323e+03 8.876393772852952679e+02 2.988648890994565591e+03
1.856236537172963381e+03 9.268790897125226138e+02 2.783115626885486108e+03
1.667462113854279551e+03 9.728395736251802646e+02 2.640301687479459815e+03
1.525292116420005868e+03 1.024559789202768798e+03 2.549851905622774666e+03
1.421381871592527659e+03 1.081139880820539929e+03 2.502521752413067588e+03
1.348519852515313687e+03 1.141735894078019101e+03 2.490255746593332788e+03
1.300591645187697850e+03 1.205560125511104616e+03 2.506151770698802466e+03
1.272477606442820615e+03 1.271884936590253574e+03 2.544362543033073962e+03
1.259921784840715645e+03 1.340048161856112756e+03 2.599969946696828629e+03
1.259396352389573167e+03 1.409458612526623256e+03 2.668854964916196423e+03
1.267975659566069453e+03 1.479600571480105373e+03 2.747576231046175053e+03
1.283226877512020337e+03 1.550036557848194661e+03 2.833263435360215226e+03
1.303119486345486166e+03 1.620407985448641966e+03 2.923527471794128360e+03
1.325953005729474853e+03 1.690433630318000496e+03 3.016386636047475349e+03
1.350300810895295399e+03 1.759906048053928998e+03 3.110206858949224625e+03
1.374967209852352880e+03 1.828686241005316560e+03 3.203653450857669668e+03
1.398954856219305839e+03 1.896696970793915625e+03 3.295651827013221464e+03
1.421439806703447175e+03 1.963915149758440975e+03 3.385354956461887923e+03
1.441751941475548847e+03 2.030363739339511540e+03 3.472115680815060387e+03
1.459356427856064101e+03 2.096098553779153008e+03 3.555454981635217337e+03
1.473837854129670177e+03 2.161195843258282821e+03 3.635033697387952998e+03
1.484886702440912813e+03 2.225747753154456404e+03 3.710634455595369218e+03
1.492292476562254933e+03 2.289864087724276942e+03 3.782156564286531648e+03
1.495936914448766174e+03 2.353667490616193845e+03 3.849604405064959792e+03
1.495785619840220988e+03 2.417287056213442611e+03 3.913072676053663599e+03
1.491873716963362313e+03 2.480853689559665781e+03 3.972727406523028094e+03
1.484294212278252417e+03 2.544496475226323582e+03 4.028790687504575999e+03
1.473187694170136865e+03 2.608339801255616294e+03 4.081527495425752932e+03
1.458732767612342286e+03 2.672501175626438908e+03 4.131233943238781649e+03
1.441137309829268361e+03 2.737089658945636074e+03 4.178226968774904890e+03
1.420630610153299813e+03 2.802204831627348995e+03 4.222835441780648580e+03
1.397456425323647636e+03 2.867936213187440899e+03 4.265392638511088080e+03
1.371866950751393006e+03 2.934363054411801841e+03 4.306230005163194619e+03
1.344117681416640607e+03 3.001554381694224958e+03 4.345672063110865565e+03
1.314465244597404990e+03 3.069569548654279060e+03 4.384034793251684277e+03
1.283154845205526954e+03 3.138458335378395532e+03 4.421613180583922258e+03
1.250431838740503053e+03 3.208261900068445357e+03 4.458693738808948183e+03
1.216529359846678517e+03 3.279013392306901096e+03 4.495542752153579386e+03
1.181669356883645150e+03 3.350738716653896972e+03 4.532408073537541895e+03
1.146061434466980927e+03 3.423457316893963707e+03 4.569518751360944407e+03
1.109902071343381749e+03 3.497182959006666351e+03 4.607085030350048328e+03
1.073374166222816712e+03 3.571924495005783683e+03 4.645298661228600395e+03
1.036646852102356888e+03 3.647686594042639172e+03 4.684333446144995833e+03
9.998755268533213894e+02 3.724470430590701199e+03 4.724345957444022133e+03
9.632020551307801952e+02 3.802274322546169515e+03 4.765476377676949596e+03
9.267551035356243574e+02 3.881094314366881008e+03 4.807849417902505593e+03
8.906505772558999752e+02 3.960924702488489402e+03 4.851575279744389263e+03
8.549921319910565671e+02 4.041758501755417456e+03 4.896750633746473795e+03
8.198717398209482781e+02 4.123587853031786835e+03 4.943459592852735113e+03
7.853702917946867501e+02 4.206404373119318734e+03 4.991774664914005371e+03
7.515582234567193609e+02 4.290199449047381677e+03 5.041757672504100810e+03
7.184961523392471463e+02 4.374964479395467606e+03 5.093460631734715207e+03
6.862355187283219493e+02 4.460691065874401829e+03 5.146926584602723779e+03
6.548192228208988581e+02 4.547371158771079536e+03 5.202190381591978621e+03
6.242822528209048869e+02 4.634997160118531610e+03 5.259279412939436952e+03
5.946522996432614718e+02 4.723561988665801437e+03 5.318214288309062795e+03
5.659501248082131042e+02 4.813057005590015251e+03 5.379007130398228583e+03
5.381899104521817208e+02 4.903469012341807684e+03 5.441658922793989404e+03
5.113804660992179834e+02 4.994785399603111728e+03 5.506165865702329938e+03
4.855257394914395377e+02 5.086994329145836673e+03 5.572520068637276381e+03
4.606253053390926198e+02 5.180084487767826431e+03 5.640709793106919278e+03
4.366748126170300566e+02 5.274045040249864542e+03 5.710719852866894144e+03
4.136664187893910594e+02 5.368865569781642080e+03 5.782531988571033253e+03
3.915891985858843327e+02 5.464536008962928463e+03 5.856125207548812796e+03
3.704295270307459873e+02 5.561046564320085963e+03 5.931476091350831666e+03
3.501714367075981613e+02 5.658387636997791560e+03 6.008559073705389892e+03
3.307969494432771853e+02 5.756549742009972761e+03 6.087346691453250060e+03
3.122863827803441836e+02 5.855523428153026543e+03 6.167809810933370500e+03
2.946186317804546206e+02 5.955299200405985175e+03 6.249917832186440137e+03
2.777714268573120080e+02 6.055867446369603385e+03 6.333638873226915166e+03
2.617215684769627160e+02 6.157218368032435137e+03 6.418939936509397739e+03
2.464451396830927195e+02 6.259341919900063658e+03 6.505787059583156406e+03
2.319176975047209908e+02 6.362227754285479023e+03 6.594145451790200241e+03
2.181144443826860027e+02 6.465865174336794553e+03 6.683979618719480641e+03
2.050103808095377360e+02 6.570243095173932488e+03 6.775253475983469798e+03
1.925804404154504823e+02 6.675350013319866775e+03 6.867930453735317315e+03
1.807996087515347483e+02 6.781173984445404130e+03 6.961973593196938964e+03
1.696430270228915447e+02 6.887702609299355572e+03 7.057345636322246719e+03
1.590860820088001333e+02 6.994923027566815108e+03 7.154009109575615184e+03
1.491044833779427847e+02 7.102821919291766790e+03 7.251926402669709205e+03
1.396743295659998410e+02 7.211385513407177314e+03 7.351059842973177183e+03
1.307721633315110239e+02 7.320599602844914443e+03 7.451371766176425808e+03
