1.133333408256883557e+00 0.000000000000000000e+00
1.287399655866673154e+00 0.000000000000000000e+00
1.387086415699144037e+00 0.000000000000000000e+00
1.450755787739178571e+00 0.000000000000000000e+00
1.491863689693169848e+00 0.000000000000000000e+00
1.519294535141627156e+00 0.000000000000000000e+00
1.537947595622437769e+00 0.000000000000000000e+00
1.549494430951990243e+00 0.000000000000000000e+00
1.553482710791485255e+00 0.000000000000000000e+00
1.548559110887115731e+00 0.000000000000000000e+00
1.533508147493541474e+00 0.000000000000000000e+00
1.507986486585343844e+00 0.000000000000000000e+00
1.472669007769477734e+00 0.000000000000000000e+00
1.429184521064575941e+00 0.000000000000000000e+00
1.379658812085683417e+00 0.000000000000000000e+00
1.326365661036141619e+00 0.000000000000000000e+00
1.271324724251068572e+00 0.000000000000000000e+00
1.216145279354422737e+00 0.000000000000000000e+00
1.161978142219653343e+00 0.000000000000000000e+00
1.109582646004607431e+00 0.000000000000000000e+00
1.059431155525967894e+00 0.000000000000000000e+00
1.011857563641366697e+00 0.000000000000000000e+00
9.671396935476572754e-01 0.000000000000000000e+00
9.255730598726896741e-01 0.000000000000000000e+00
8.874564686866739383e-01 0.000000000000000000e+00
8.528793630110431678e-01 0.000000000000000000e+00
8.219831833980431046e-01 0.000000000000000000e+00
7.946996065189471103e-01 0.000000000000000000e+00
7.716313852011784657e-01 0.000000000000000000e+00
7.538212051781757461e-01 0.000000000000000000e+00
7.424051564467482045e-01 0.000000000000000000e+00
7.382024081785925063e-01 0.000000000000000000e+00
7.417174065327937216e-01 0.000000000000000000e+00
7.533234510458373112e-01 0.000000000000000000e+00
7.733730684021642432e-01 0.000000000000000000e+00
8.018811020034721793e-01 0.000000000000000000e+00
8.373054163675588413e-01 0.000000000000000000e+00
8.783116952444365300e-01 0.000000000000000000e+00
9.254021627254707116e-01 0.000000000000000000e+00
9.792252236848646429e-01 0.000000000000000000e+00
1.040046507850902024e+00 0.000000000000000000e+00
1.107837895805983575e+00 0.000000000000000000e+00
1.182411315197834378e+00 0.000000000000000000e+00
1.263206230500472982e+00 0.000000000000000000e+00
1.349086824319280398e+00 0.000000000000000000e+00
1.438451637802699024e+00 0.000000000000000000e+00
1.529258096287375412e+00 0.000000000000000000e+00
1.620089698621420826e+00 0.000000000000000000e+00
1.709826655300395348e+00 0.000000000000000000e+00
1.797740653136273403e+00 0.000000000000000000e+00
1.883860420213851361e+00 0.000000000000000000e+00
2.132112554196967658e+00 0.000000000000000000e+00
2.301614023838298273e+00 0.000000000000000000e+00
2.389142129547842330e+00 0.000000000000000000e+00
2.423261257984239414e+00 0.000000000000000000e+00
2.421309038955328674e+00 0.000000000000000000e+00
2.402672228187899606e+00 0.000000000000000000e+00
2.384509307640150677e+00 0.000000000000000000e+00
2.366568716394780836e+00 0.000000000000000000e+00
2.350046812685022246e+00 8.028705217380327497e-02
2.332342268501325755e+00 8.450433987729022434e-02
2.323891199538888230e+00 3.685892618348596272e-02
2.312878363482428590e+00 1.884712836922242118e-02
2.307927377514833456e+00 6.768866388492611463e-03
2.301476189373086179e+00 0.000000000000000000e+00
2.293278536130775258e+00 0.000000000000000000e+00
2.279632773385038114e+00 0.000000000000000000e+00
2.274746275014644770e+00 2.114557879042955335e-02
2.271780444968697132e+00 0.000000000000000000e+00
2.269450298047803294e+00 0.000000000000000000e+00
2.265714958203989049e+00 0.000000000000000000e+00
2.256507349453571010e+00 0.000000000000000000e+00
2.240580786892125253e+00 0.000000000000000000e+00
2.215426370784333798e+00 0.000000000000000000e+00
2.183870855952136036e+00 0.000000000000000000e+00
2.148514849951632222e+00 0.000000000000000000e+00
2.114685087647217188e+00 0.000000000000000000e+00
2.086041730133305627e+00 0.000000000000000000e+00
2.062851846205642659e+00 0.000000000000000000e+00
2.042159409686368221e+00 0.000000000000000000e+00
2.024584153183326407e+00 0.000000000000000000e+00
1.983212491824062340e+00 0.000000000000000000e+00
1.936897518937862328e+00 0.000000000000000000e+00
1.903346425123198404e+00 2.643729672890735571e-01
1.899319563488439000e+00 1.041979938155219720e-01
1.914889524145720223e+00 0.000000000000000000e+00
1.941766413494405263e+00 0.000000000000000000e+00
1.974316433074425836e+00 0.000000000000000000e+00
2.008351935167778102e+00 0.000000000000000000e+00
2.040398177676890690e+00 0.000000000000000000e+00
2.066248526484742776e+00 0.000000000000000000e+00
2.074656361546371564e+00 0.000000000000000000e+00
2.048804931980416466e+00 0.000000000000000000e+00
1.997709685472479180e+00 0.000000000000000000e+00
1.938188019330983280e+00 0.000000000000000000e+00
1.879106584721112361e+00 0.000000000000000000e+00
1.822950413317134144e+00 0.000000000000000000e+00
1.770320306449921333e+00 0.000000000000000000e+00
1.721690192215856285e+00 0.000000000000000000e+00
1.677446607964360403e+00 0.000000000000000000e+00
1.637745486842070441e+00 0.000000000000000000e+00
1.602583244799027584e+00 0.000000000000000000e+00
1.571931204925258063e+00 0.000000000000000000e+00
1.545806586645501302e+00 0.000000000000000000e+00
1.524277249568933845e+00 0.000000000000000000e+00
1.507436612583256563e+00 0.000000000000000000e+00
1.495370006270929863e+00 0.000000000000000000e+00
1.488117576178173307e+00 0.000000000000000000e+00
1.485635524012326236e+00 0.000000000000000000e+00
1.487759729389575680e+00 0.000000000000000000e+00
1.494177548279657763e+00 0.000000000000000000e+00
1.504414011074266533e+00 0.000000000000000000e+00
1.517838404394100227e+00 0.000000000000000000e+00
1.533696133928981631e+00 0.000000000000000000e+00
1.551168038823309114e+00 0.000000000000000000e+00
1.569454471180206756e+00 0.000000000000000000e+00
1.587873353862977677e+00 0.000000000000000000e+00
1.605950788693145226e+00 0.000000000000000000e+00
1.623459465992384221e+00 0.000000000000000000e+00
1.640313073858654436e+00 0.000000000000000000e+00
1.656577439338730473e+00 0.000000000000000000e+00
1.673084537268257010e+00 0.000000000000000000e+00
1.691811008295113661e+00 0.000000000000000000e+00
1.714127163023487110e+00 0.000000000000000000e+00
1.740515983610258832e+00 0.000000000000000000e+00
1.770871448141755344e+00 0.000000000000000000e+00
1.805077334097536124e+00 0.000000000000000000e+00
1.844141364232398050e+00 0.000000000000000000e+00
1.888257683138781395e+00 0.000000000000000000e+00
1.935835138775846120e+00 0.000000000000000000e+00
1.985101958734533767e+00 0.000000000000000000e+00
2.034906058261888084e+00 0.000000000000000000e+00
2.084457136678323774e+00 0.000000000000000000e+00
2.133017170989385924e+00 0.000000000000000000e+00
2.179842796987495390e+00 0.000000000000000000e+00
2.224229519341565542e+00 0.000000000000000000e+00
2.265262542988767613e+00 0.000000000000000000e+00
2.301319616091008768e+00 0.000000000000000000e+00
2.332642677319607394e+00 0.000000000000000000e+00
2.360226365078561983e+00 0.000000000000000000e+00
2.384641367602792439e+00 0.000000000000000000e+00
2.404104777856904462e+00 0.000000000000000000e+00
2.414563532341144736e+00 0.000000000000000000e+00
2.413737732297524197e+00 0.000000000000000000e+00
2.401614205293594928e+00 0.000000000000000000e+00
2.379750743097085675e+00 0.000000000000000000e+00
2.350495119751944362e+00 0.000000000000000000e+00
2.314897738478382205e+00 0.000000000000000000e+00
2.277466690423857631e+00 0.000000000000000000e+00
2.241721248123671018e+00 0.000000000000000000e+00
2.210130821739232587e+00 0.000000000000000000e+00
2.183280964716877826e+00 0.000000000000000000e+00
2.153837698420320468e+00 0.000000000000000000e+00
2.121072788147902344e+00 0.000000000000000000e+00
2.095839188450987489e+00 0.000000000000000000e+00
2.076461406927883946e+00 0.000000000000000000e+00
2.059135527782085973e+00 0.000000000000000000e+00
2.041034309602540731e+00 0.000000000000000000e+00
2.020377469515283408e+00 0.000000000000000000e+00
1.996394275868089041e+00 0.000000000000000000e+00
1.969179845983503707e+00 0.000000000000000000e+00
1.939470377693757630e+00 0.000000000000000000e+00
1.908376469528165753e+00 0.000000000000000000e+00
1.877121141706291629e+00 0.000000000000000000e+00
1.846824594860103419e+00 0.000000000000000000e+00
1.818361679381074181e+00 0.000000000000000000e+00
1.792297145650469270e+00 0.000000000000000000e+00
1.768886014250941940e+00 0.000000000000000000e+00
1.748022832252644987e+00 0.000000000000000000e+00
1.727130352226313503e+00 0.000000000000000000e+00
1.702313419023159247e+00 0.000000000000000000e+00
1.671454087996539162e+00 0.000000000000000000e+00
1.633640543260262756e+00 0.000000000000000000e+00
1.588723411770206262e+00 0.000000000000000000e+00
1.537053756771598279e+00 0.000000000000000000e+00
1.479320187735432279e+00 0.000000000000000000e+00
1.416439557716206776e+00 0.000000000000000000e+00
1.349476864797730213e+00 0.000000000000000000e+00
1.279581855698856518e+00 0.000000000000000000e+00
1.207936305778404718e+00 0.000000000000000000e+00
1.135706752987637680e+00 0.000000000000000000e+00
1.064020558324507038e+00 0.000000000000000000e+00
9.939098369369063768e-01 0.000000000000000000e+00
9.263038511872758729e-01 0.000000000000000000e+00
8.620061690010518696e-01 0.000000000000000000e+00
8.016839338842909335e-01 0.000000000000000000e+00
7.458609035382395280e-01 0.000000000000000000e+00
6.949158280518858977e-01 0.000000000000000000e+00
6.490859527398835649e-01 0.000000000000000000e+00
6.084749573667558309e-01 0.000000000000000000e+00
5.730644591540273725e-01 0.000000000000000000e+00
5.427281112361531656e-01 0.000000000000000000e+00
5.172472961215321963e-01 0.000000000000000000e+00
4.963274494857651264e-01 0.000000000000000000e+00
4.796141537095008345e-01 0.000000000000000000e+00
4.667083032053725433e-01 0.000000000000000000e+00
4.571798460103294603e-01 0.000000000000000000e+00
4.505798243773026512e-01 0.000000000000000000e+00
4.464506463185582419e-01 0.000000000000000000e+00
4.443346983647010751e-01 0.000000000000000000e+00
4.437815411521882081e-01 0.000000000000000000e+00
4.443540051039603922e-01 0.000000000000000000e+00
4.456335222310242594e-01 0.000000000000000000e+00
4.472249974930671002e-01 0.000000000000000000e+00
4.487614499634300924e-01 0.000000000000000000e+00
4.499085543507025942e-01 0.000000000000000000e+00
4.503691027803757851e-01 0.000000000000000000e+00
4.499604640920067955e-01 0.000000000000000000e+00
4.505153879754074109e-01 0.000000000000000000e+00
4.553761545079275108e-01 0.000000000000000000e+00
4.667111666435769246e-01 0.000000000000000000e+00
4.858471768053549411e-01 0.000000000000000000e+00
5.135691483215067965e-01 0.000000000000000000e+00
5.502973867240844585e-01 0.000000000000000000e+00
5.961957650592826230e-01 0.000000000000000000e+00
6.512400269283485921e-01 0.000000000000000000e+00
7.152621985985597730e-01 0.000000000000000000e+00
7.879801840336710939e-01 0.000000000000000000e+00
8.690096966401403833e-01 0.000000000000000000e+00
9.579159582145908569e-01 0.000000000000000000e+00
1.054153849089013661e+00 0.000000000000000000e+00
1.157107744299183283e+00 0.000000000000000000e+00
1.266065260093550915e+00 0.000000000000000000e+00
1.380193177235237822e+00 0.000000000000000000e+00
1.498492068610076000e+00 0.000000000000000000e+00
1.619732939841919794e+00 0.000000000000000000e+00
1.742381352463630906e+00 0.000000000000000000e+00
1.864521996617660493e+00 0.000000000000000000e+00
1.983806762838220106e+00 0.000000000000000000e+00
2.097458827202675735e+00 0.000000000000000000e+00
2.202369041647658676e+00 0.000000000000000000e+00
2.295296541823695247e+00 0.000000000000000000e+00
2.369360990798646149e+00 0.000000000000000000e+00
2.422742892737034026e+00 0.000000000000000000e+00
2.458625729820180350e+00 0.000000000000000000e+00
2.479374586807913339e+00 0.000000000000000000e+00
2.487193340623656823e+00 0.000000000000000000e+00
2.484460042892365550e+00 0.000000000000000000e+00
2.473730487105194165e+00 0.000000000000000000e+00
2.457561062427168430e+00 0.000000000000000000e+00
2.438284278651032366e+00 0.000000000000000000e+00
2.417827409052730747e+00 0.000000000000000000e+00
2.397614827303080620e+00 0.000000000000000000e+00
2.378554055193651262e+00 0.000000000000000000e+00
2.361083040646544617e+00 0.000000000000000000e+00
2.346333480435383478e+00 0.000000000000000000e+00
2.331112831784234452e+00 0.000000000000000000e+00
2.317311763820883552e+00 0.000000000000000000e+00
2.303896590499941333e+00 0.000000000000000000e+00
2.289728647674103001e+00 0.000000000000000000e+00
2.273815535129743104e+00 0.000000000000000000e+00
2.255183581672831394e+00 0.000000000000000000e+00
2.233672246233090242e+00 0.000000000000000000e+00
2.210141944805266156e+00 0.000000000000000000e+00
2.185964434631128217e+00 0.000000000000000000e+00
2.162469547434211048e+00 0.000000000000000000e+00
2.140598299834809648e+00 0.000000000000000000e+00
2.120372015505498364e+00 0.000000000000000000e+00
2.092587788381838454e+00 0.000000000000000000e+00
2.060627036708723381e+00 0.000000000000000000e+00
2.031397688125160084e+00 0.000000000000000000e+00
2.010459348482442010e+00 0.000000000000000000e+00
1.997811552184068695e+00 0.000000000000000000e+00
1.991137432584984435e+00 0.000000000000000000e+00
1.988602967250636233e+00 0.000000000000000000e+00
1.988296807107675201e+00 0.000000000000000000e+00
1.987549421761922952e+00 0.000000000000000000e+00
1.984328829995071208e+00 0.000000000000000000e+00
1.977554761000714478e+00 0.000000000000000000e+00
1.966818748445086973e+00 0.000000000000000000e+00
1.952157040099733898e+00 0.000000000000000000e+00
1.933892315649775151e+00 0.000000000000000000e+00
1.912524250068596166e+00 0.000000000000000000e+00
1.888647523373956805e+00 0.000000000000000000e+00
1.862885516875824488e+00 0.000000000000000000e+00
1.835835249129336821e+00 0.000000000000000000e+00
1.808022249549700700e+00 0.000000000000000000e+00
1.779865090892455148e+00 0.000000000000000000e+00
1.751649691160794164e+00 0.000000000000000000e+00
1.723513682645020140e+00 0.000000000000000000e+00
1.695441128148875931e+00 0.000000000000000000e+00
1.667267640441029375e+00 0.000000000000000000e+00
1.638695583033637826e+00 0.000000000000000000e+00
1.609318543956030911e+00 0.000000000000000000e+00
1.578653698904531888e+00 0.000000000000000000e+00
1.546180034667589798e+00 0.000000000000000000e+00
1.511379741818812628e+00 0.000000000000000000e+00
1.473779501784240553e+00 0.000000000000000000e+00
1.432988041770584031e+00 0.000000000000000000e+00
1.388726366118953282e+00 0.000000000000000000e+00
1.341103469988542241e+00 0.000000000000000000e+00
1.291777158352722443e+00 0.000000000000000000e+00
1.242869496295003540e+00 0.000000000000000000e+00
1.196395443062202579e+00 0.000000000000000000e+00
1.154195120937945296e+00 0.000000000000000000e+00
1.117846579343841906e+00 0.000000000000000000e+00
1.088606235670243505e+00 0.000000000000000000e+00
1.067379479991691360e+00 0.000000000000000000e+00
1.054708260009962872e+00 0.000000000000000000e+00
1.050770705070859901e+00 0.000000000000000000e+00
