1.133333408256883557e+00 0.000000000000000000e+00
1.243708595951900975e+00 0.000000000000000000e+00
1.317188709158474857e+00 0.000000000000000000e+00
1.365216983219297964e+00 0.000000000000000000e+00
1.395325450058872541e+00 0.000000000000000000e+00
1.412517437168809176e+00 0.000000000000000000e+00
1.420044912214262656e+00 0.000000000000000000e+00
1.419883818889360994e+00 0.000000000000000000e+00
1.413205401384138193e+00 0.000000000000000000e+00
1.400711818309477330e+00 0.000000000000000000e+00
1.382890560526811807e+00 0.000000000000000000e+00
1.360180129339515265e+00 0.000000000000000000e+00
1.333059235972071210e+00 0.000000000000000000e+00
1.302079656560501508e+00 0.000000000000000000e+00
1.267871193845497846e+00 0.000000000000000000e+00
1.231083739188332249e+00 0.000000000000000000e+00
1.192421804619797854e+00 0.000000000000000000e+00
1.152564071973039006e+00 0.000000000000000000e+00
1.112155497151198436e+00 0.000000000000000000e+00
1.071788545333804743e+00 0.000000000000000000e+00
1.031989473401711654e+00 0.000000000000000000e+00
9.932099221059649263e-01 0.000000000000000000e+00
9.558231195549902193e-01 0.000000000000000000e+00
9.201238653525374289e-01 0.000000000000000000e+00
8.863315174779435868e-01 0.000000000000000000e+00
8.545952838782788774e-01 0.000000000000000000e+00
8.250011872954197134e-01 0.000000000000000000e+00
7.975801216805260552e-01 0.000000000000000000e+00
7.723164616478483957e-01 0.000000000000000000e+00
7.491567465962106764e-01 0.000000000000000000e+00
7.280179617087176869e-01 0.000000000000000000e+00
7.087953303729894738e-01 0.000000000000000000e+00
6.913687388781155629e-01 0.000000000000000000e+00
6.756084620816473763e-01 0.000000000000000000e+00
6.616015848620131479e-01 0.000000000000000000e+00
6.509160152646431552e-01 0.000000000000000000e+00
6.452542017265522345e-01 0.000000000000000000e+00
6.457823552144469348e-01 0.000000000000000000e+00
6.533044524375448692e-01 0.000000000000000000e+00
6.683550893906654577e-01 0.000000000000000000e+00
6.912401993728608529e-01 0.000000000000000000e+00
7.220463307238316197e-01 0.000000000000000000e+00
7.606318462997470053e-01 0.000000000000000000e+00
8.066104986043829417e-01 0.000000000000000000e+00
8.593373244404627354e-01 0.000000000000000000e+00
9.179055777601703436e-01 0.000000000000000000e+00
9.811647735780961721e-01 0.000000000000000000e+00
1.047768912580403056e+00 0.000000000000000000e+00
1.116259664928134665e+00 0.000000000000000000e+00
1.185181458863523662e+00 0.000000000000000000e+00
1.253214620741710972e+00 0.000000000000000000e+00
1.429677034565068006e+00 0.000000000000000000e+00
1.567525810379553963e+00 0.000000000000000000e+00
1.678376376434941530e+00 0.000000000000000000e+00
1.769529690684450429e+00 0.000000000000000000e+00
1.842563265305276810e+00 0.000000000000000000e+00
1.896280251869079780e+00 0.000000000000000000e+00
1.929448824133840557e+00 0.000000000000000000e+00
1.942596309284311040e+00 0.000000000000000000e+00
1.938577047860508884e+00 0.000000000000000000e+00
1.922010500063151106e+00 0.000000000000000000e+00
1.898044836033760063e+00 0.000000000000000000e+00
1.871227304191377172e+00 0.000000000000000000e+00
1.844736404174793121e+00 0.000000000000000000e+00
1.820440559494671318e+00 0.000000000000000000e+00
1.799147490738606692e+00 0.000000000000000000e+00
1.780973424448026199e+00 0.000000000000000000e+00
1.765668581488805344e+00 0.000000000000000000e+00
1.752850616206876655e+00 0.000000000000000000e+00
1.742145492757015468e+00 0.000000000000000000e+00
1.733255831317291440e+00 0.000000000000000000e+00
1.725980592939927671e+00 0.000000000000000000e+00
1.720206398937073722e+00 0.000000000000000000e+00
1.715899033000270135e+00 0.000000000000000000e+00
1.713013874295819861e+00 0.000000000000000000e+00
1.711578708879875732e+00 0.000000000000000000e+00
1.710771109266299606e+00 0.000000000000000000e+00
1.707753976506286353e+00 0.000000000000000000e+00
1.700487272554720874e+00 0.000000000000000000e+00
1.687843918555618439e+00 0.000000000000000000e+00
1.669264530247285494e+00 0.000000000000000000e+00
1.644557006605995131e+00 0.000000000000000000e+00
1.613779802270865149e+00 0.000000000000000000e+00
1.577173602480568926e+00 0.000000000000000000e+00
1.535120562196324645e+00 0.000000000000000000e+00
1.488118579470247171e+00 0.000000000000000000e+00
1.436763036731604215e+00 0.000000000000000000e+00
1.381731532612694657e+00 0.000000000000000000e+00
1.323769106413259955e+00 0.000000000000000000e+00
1.263672752917759157e+00 0.000000000000000000e+00
1.202274835286664789e+00 0.000000000000000000e+00
1.140425519959635592e+00 0.000000000000000000e+00
1.078974638360691740e+00 0.000000000000000000e+00
1.018753508687205489e+00 0.000000000000000000e+00
9.605572786933835872e-01 0.000000000000000000e+00
9.051283075493410379e-01 0.000000000000000000e+00
8.531409848600679524e-01 0.000000000000000000e+00
8.051659913924693601e-01 0.000000000000000000e+00
7.615803016054878416e-01 0.000000000000000000e+00
7.226089730686018342e-01 0.000000000000000000e+00
6.883238965502620488e-01 0.000000000000000000e+00
6.586825631008594861e-01 0.000000000000000000e+00
6.337482468899732213e-01 0.000000000000000000e+00
6.136599528068130693e-01 0.000000000000000000e+00
5.985028618130461275e-01 0.000000000000000000e+00
5.881969572433916049e-01 0.000000000000000000e+00
5.822587256936377909e-01 0.000000000000000000e+00
5.799381503179161790e-01 0.000000000000000000e+00
5.807719725346868200e-01 0.000000000000000000e+00
5.845026495240808195e-01 0.000000000000000000e+00
5.908713878842549727e-01 0.000000000000000000e+00
5.994531401714089380e-01 0.000000000000000000e+00
6.097402757762413472e-01 0.000000000000000000e+00
6.211896165132581027e-01 0.000000000000000000e+00
6.331931453282295674e-01 0.000000000000000000e+00
6.451704052805942169e-01 0.000000000000000000e+00
6.566105150083144659e-01 0.000000000000000000e+00
6.670033919975937309e-01 0.000000000000000000e+00
6.758792855325608251e-01 0.000000000000000000e+00
6.828801632169259062e-01 0.000000000000000000e+00
6.877745037828766339e-01 0.000000000000000000e+00
6.904387601870007884e-01 0.000000000000000000e+00
6.908390823690233606e-01 0.000000000000000000e+00
6.890195787814430428e-01 0.000000000000000000e+00
6.850924627325065686e-01 0.000000000000000000e+00
6.792273341327876857e-01 0.000000000000000000e+00
6.722150759798367625e-01 0.000000000000000000e+00
6.669972496455929267e-01 0.000000000000000000e+00
6.660373181749723592e-01 0.000000000000000000e+00
6.708370988121710177e-01 0.000000000000000000e+00
6.822494621791524994e-01 0.000000000000000000e+00
7.006371143854910333e-01 0.000000000000000000e+00
7.259439776930514121e-01 0.000000000000000000e+00
7.578924515488929536e-01 0.000000000000000000e+00
7.959805534150112827e-01 0.000000000000000000e+00
8.395961642410318948e-01 0.000000000000000000e+00
8.880042803939747209e-01 0.000000000000000000e+00
9.403983667578659222e-01 0.000000000000000000e+00
9.959540889183737811e-01 0.000000000000000000e+00
1.053830771800278399e+00 0.000000000000000000e+00
1.113202611586223911e+00 0.000000000000000000e+00
1.173274182221766715e+00 0.000000000000000000e+00
1.233241591701804252e+00 0.000000000000000000e+00
1.292422252645454961e+00 0.000000000000000000e+00
1.350349472409285712e+00 0.000000000000000000e+00
1.406717934043015594e+00 0.000000000000000000e+00
1.461256026599349278e+00 0.000000000000000000e+00
1.513560434652664322e+00 0.000000000000000000e+00
1.563080193524840178e+00 0.000000000000000000e+00
1.609208779772371534e+00 0.000000000000000000e+00
1.651391968495833140e+00 0.000000000000000000e+00
1.689203747138626532e+00 0.000000000000000000e+00
1.722378214570593258e+00 0.000000000000000000e+00
1.750805017539899255e+00 0.000000000000000000e+00
1.774503530193107359e+00 0.000000000000000000e+00
1.793590888370331982e+00 0.000000000000000000e+00
1.808254581527154459e+00 0.000000000000000000e+00
1.818734451652106898e+00 0.000000000000000000e+00
1.825313864391062690e+00 0.000000000000000000e+00
1.828316744195246146e+00 0.000000000000000000e+00
1.828106311570049769e+00 0.000000000000000000e+00
1.825082177333147371e+00 0.000000000000000000e+00
1.819658964021030334e+00 0.000000000000000000e+00
1.812325871435862101e+00 0.000000000000000000e+00
1.803514667435514029e+00 0.000000000000000000e+00
1.793679491784924807e+00 0.000000000000000000e+00
1.783257169091363892e+00 0.000000000000000000e+00
1.772657177233491810e+00 0.000000000000000000e+00
1.762267832581686289e+00 0.000000000000000000e+00
1.752384175270553790e+00 0.000000000000000000e+00
1.743319440908454254e+00 0.000000000000000000e+00
1.735313465220609919e+00 0.000000000000000000e+00
1.728558870830645411e+00 0.000000000000000000e+00
1.723201026030159122e+00 0.000000000000000000e+00
1.719338949652793547e+00 0.000000000000000000e+00
1.717025720912324305e+00 0.000000000000000000e+00
1.715552435194384051e+00 0.000000000000000000e+00
1.712061821519501148e+00 0.000000000000000000e+00
1.704406893838525505e+00 0.000000000000000000e+00
1.691399820478522997e+00 0.000000000000000000e+00
1.672448936772196415e+00 0.000000000000000000e+00
1.647348348269278784e+00 0.000000000000000000e+00
1.616155029454334535e+00 0.000000000000000000e+00
1.579116155484975526e+00 0.000000000000000000e+00
1.536625028312145202e+00 0.000000000000000000e+00
1.489192691881284558e+00 0.000000000000000000e+00
1.437427599473117379e+00 0.000000000000000000e+00
1.382018861462435355e+00 0.000000000000000000e+00
1.323720555408004707e+00 0.000000000000000000e+00
1.263335823685993953e+00 0.000000000000000000e+00
1.201700274154474224e+00 0.000000000000000000e+00
1.139664690076851228e+00 0.000000000000000000e+00
1.078077342908079217e+00 0.000000000000000000e+00
1.017766348542610055e+00 0.000000000000000000e+00
9.595225563852869399e-01 0.000000000000000000e+00
9.040834394557613063e-01 0.000000000000000000e+00
8.521183528957052555e-01 0.000000000000000000e+00
8.041974963150702038e-01 0.000000000000000000e+00
7.607123946742504472e-01 0.000000000000000000e+00
7.218941106112080064e-01 0.000000000000000000e+00
6.878190239078321166e-01 0.000000000000000000e+00
6.584085944484153741e-01 0.000000000000000000e+00
6.336969453920771045e-01 0.000000000000000000e+00
6.138110675202170796e-01 0.000000000000000000e+00
5.988361945155629140e-01 0.000000000000000000e+00
5.886833891937333085e-01 0.000000000000000000e+00
5.828324645457263475e-01 0.000000000000000000e+00
5.805475961028836451e-01 0.000000000000000000e+00
5.814044376699940564e-01 0.000000000000000000e+00
5.851604286044547187e-01 0.000000000000000000e+00
5.915556531444212673e-01 0.000000000000000000e+00
6.001631413396582015e-01 0.000000000000000000e+00
6.104708165823734545e-01 0.000000000000000000e+00
6.219348942291562654e-01 0.000000000000000000e+00
6.339469877685617316e-01 0.000000000000000000e+00
6.459221786276059252e-01 0.000000000000000000e+00
6.573472301381499960e-01 0.000000000000000000e+00
6.677138716259252149e-01 0.000000000000000000e+00
6.765528644318719032e-01 0.000000000000000000e+00
6.835050370762023597e-01 0.000000000000000000e+00
6.883386389582080156e-01 0.000000000000000000e+00
6.909318337776291230e-01 0.000000000000000000e+00
6.912539461221187675e-01 0.000000000000000000e+00
6.893529227565794448e-01 0.000000000000000000e+00
6.853448565376748514e-01 0.000000000000000000e+00
6.794028415740736015e-01 0.000000000000000000e+00
6.723188876820580528e-01 0.000000000000000000e+00
6.670350974076004746e-01 0.000000000000000000e+00
6.660170898797717065e-01 0.000000000000000000e+00
6.707665935969602256e-01 0.000000000000000000e+00
6.821332107703419467e-01 0.000000000000000000e+00
7.004871643847562224e-01 0.000000000000000000e+00
7.257774072438735180e-01 0.000000000000000000e+00
7.577202584182225475e-01 0.000000000000000000e+00
7.958165445906637547e-01 0.000000000000000000e+00
8.394591150027443938e-01 0.000000000000000000e+00
8.879091848653892782e-01 0.000000000000000000e+00
9.403573823105875196e-01 0.000000000000000000e+00
9.959784125345902961e-01 0.000000000000000000e+00
1.053923474529084858e+00 0.000000000000000000e+00
1.113357327488020410e+00 0.000000000000000000e+00
1.173477184289067221e+00 0.000000000000000000e+00
1.233475090282696751e+00 0.000000000000000000e+00
1.292662423923649939e+00 0.000000000000000000e+00
1.350573499025366386e+00 0.000000000000000000e+00
1.406903235836489463e+00 0.000000000000000000e+00
1.461388520481878617e+00 0.000000000000000000e+00
1.513637902999950047e+00 0.000000000000000000e+00
1.563109295497933093e+00 0.000000000000000000e+00
1.609200207076607381e+00 0.000000000000000000e+00
1.651356491854780728e+00 0.000000000000000000e+00
1.689150011437671406e+00 0.000000000000000000e+00
1.722312194360576587e+00 0.000000000000000000e+00
1.750730571723530637e+00 0.000000000000000000e+00
1.774423385326530100e+00 0.000000000000000000e+00
1.793507520618196738e+00 0.000000000000000000e+00
1.808170710909617451e+00 0.000000000000000000e+00
1.818653100329149730e+00 0.000000000000000000e+00
1.825238095648143100e+00 0.000000000000000000e+00
1.828249267025501945e+00 0.000000000000000000e+00
1.828049121497770546e+00 0.000000000000000000e+00
1.825036342054847882e+00 0.000000000000000000e+00
1.819624527924803781e+00 0.000000000000000000e+00
1.812302191563143428e+00 0.000000000000000000e+00
1.803500365571902408e+00 0.000000000000000000e+00
1.793672844720464399e+00 0.000000000000000000e+00
1.783256352903800579e+00 0.000000000000000000e+00
1.772675122582954899e+00 0.000000000000000000e+00
1.762265249044946636e+00 0.000000000000000000e+00
1.752385647022978832e+00 0.000000000000000000e+00
1.743323349222507757e+00 0.000000000000000000e+00
1.735318712344696923e+00 0.000000000000000000e+00
1.728564496419257912e+00 0.000000000000000000e+00
1.723206292433363540e+00 0.000000000000000000e+00
1.719343388871173994e+00 0.000000000000000000e+00
1.717029123227421961e+00 0.000000000000000000e+00
1.715554856117033067e+00 0.000000000000000000e+00
1.712063475546323321e+00 0.000000000000000000e+00
1.704408073401614931e+00 0.000000000000000000e+00
1.691400894858059445e+00 0.000000000000000000e+00
1.672450341353554748e+00 0.000000000000000000e+00
1.647350567153642809e+00 0.000000000000000000e+00
1.616158581289025786e+00 0.000000000000000000e+00
1.579121609986832375e+00 0.000000000000000000e+00
1.536633005192029833e+00 0.000000000000000000e+00
1.489203852112490623e+00 0.000000000000000000e+00
1.437442636756204539e+00 0.000000000000000000e+00
1.382038495541594969e+00 0.000000000000000000e+00
1.323745523273170299e+00 0.000000000000000000e+00
1.263366872323471668e+00 0.000000000000000000e+00
1.201738160674767908e+00 0.000000000000000000e+00
1.139710183891145645e+00 0.000000000000000000e+00
1.078131226942254273e+00 0.000000000000000000e+00
1.017829418862904456e+00 0.000000000000000000e+00
9.595956074356417620e-01 0.000000000000000000e+00
9.041664640164162048e-01 0.000000000000000000e+00
8.522083765801429234e-01 0.000000000000000000e+00
8.042879227993395830e-01 0.000000000000000000e+00
7.607867850022201894e-01 0.000000000000000000e+00
7.219258114625600742e-01 0.000000000000000000e+00
