2.489868630975736075e+00 0.000000000000000000e+00
1.224467185823486792e+00 0.000000000000000000e+00
1.185288318031499921e+00 0.000000000000000000e+00
1.277970288195872772e+00 0.000000000000000000e+00
9.825933881949119320e-01 0.000000000000000000e+00
1.059329731951428322e+00 0.000000000000000000e+00
1.072205833031697253e+00 0.000000000000000000e+00
1.103695203076343390e+00 0.000000000000000000e+00
1.200016449737052460e+00 0.000000000000000000e+00
1.373337827244573095e+00 0.000000000000000000e+00
1.496501594854568573e+00 0.000000000000000000e+00
1.580481983778125210e+00 0.000000000000000000e+00
1.638453991970970414e+00 0.000000000000000000e+00
1.677464995203461040e+00 0.000000000000000000e+00
1.703345306477213716e+00 0.000000000000000000e+00
1.720120206939676599e+00 0.000000000000000000e+00
1.731115455986826479e+00 0.000000000000000000e+00
1.737922562234854196e+00 0.000000000000000000e+00
1.741649730570140386e+00 0.000000000000000000e+00
1.739113237825790304e+00 0.000000000000000000e+00
1.722686554602113285e+00 0.000000000000000000e+00
1.682537709154153127e+00 0.000000000000000000e+00
1.326763107194720792e+00 0.000000000000000000e+00
5.279043017866934528e-01 0.000000000000000000e+00
2.758177700604248495e-01 0.000000000000000000e+00
2.190633210799310948e-01 0.000000000000000000e+00
1.888847756101255104e-01 0.000000000000000000e+00
1.780367757114724725e-01 0.000000000000000000e+00
1.797205789947002863e-01 0.000000000000000000e+00
1.889126430626796305e-01 0.000000000000000000e+00
2.014439503175687873e-01 0.000000000000000000e+00
2.157457619262752591e-01 0.000000000000000000e+00
2.300769851933983645e-01 0.000000000000000000e+00
2.436406160901374296e-01 0.000000000000000000e+00
2.634914013907300179e-01 0.000000000000000000e+00
3.127196089765997833e-01 0.000000000000000000e+00
3.565185860627678172e-01 0.000000000000000000e+00
3.952455654024163989e-01 0.000000000000000000e+00
4.293354879731007823e-01 0.000000000000000000e+00
4.592465540741588192e-01 0.000000000000000000e+00
4.854292797745273225e-01 0.000000000000000000e+00
5.083096468631442821e-01 0.000000000000000000e+00
5.282806823742536295e-01 0.000000000000000000e+00
5.456990592494074255e-01 0.000000000000000000e+00
5.608846616437610511e-01 0.000000000000000000e+00
5.741218669851665402e-01 0.000000000000000000e+00
5.856617810589318518e-01 0.000000000000000000e+00
5.957249540510741737e-01 0.000000000000000000e+00
6.045042833636256052e-01 0.000000000000000000e+00
6.121679195888293235e-01 0.000000000000000000e+00
6.188620624476292020e-01 0.000000000000000000e+00
6.247135795089000521e-01 0.000000000000000000e+00
6.298324112312523315e-01 0.000000000000000000e+00
6.343137466444155326e-01 0.000000000000000000e+00
6.382399680133988840e-01 0.000000000000000000e+00
6.416823721114413015e-01 0.000000000000000000e+00
6.447026815973019298e-01 0.000000000000000000e+00
6.473543633842087086e-01 0.000000000000000000e+00
6.496837724919725110e-01 0.000000000000000000e+00
6.517311402146647170e-01 0.000000000000000000e+00
6.535314249160369959e-01 0.000000000000000000e+00
6.551150426905829605e-01 0.000000000000000000e+00
6.565084937301842727e-01 0.000000000000000000e+00
6.577422157359560373e-01 0.000000000000000000e+00
6.588173091068013631e-01 0.000000000000000000e+00
6.597651532433228549e-01 0.000000000000000000e+00
6.606004897068120663e-01 0.000000000000000000e+00
6.614790729733052155e-01 0.000000000000000000e+00
6.620428708954790853e-01 0.000000000000000000e+00
6.625643915159342701e-01 0.000000000000000000e+00
6.630401167220906222e-01 0.000000000000000000e+00
6.634693653143106662e-01 0.000000000000000000e+00
6.638536760464546216e-01 0.000000000000000000e+00
6.641958092203360531e-01 0.000000000000000000e+00
6.644991182969686161e-01 0.000000000000000000e+00
6.647671614610448643e-01 0.000000000000000000e+00
6.650034682362135907e-01 0.000000000000000000e+00
6.652114056713906987e-01 0.000000000000000000e+00
6.653941077168455953e-01 0.000000000000000000e+00
6.655544440430148923e-01 0.000000000000000000e+00
6.656950129099659108e-01 0.000000000000000000e+00
6.658181481954317249e-01 0.000000000000000000e+00
6.659259342901324707e-01 0.000000000000000000e+00
6.660202249127094021e-01 0.000000000000000000e+00
6.661026634123738965e-01 0.000000000000000000e+00
6.661747031007467790e-01 0.000000000000000000e+00
6.662376267740760527e-01 0.000000000000000000e+00
6.662925649772978298e-01 0.000000000000000000e+00
6.663405128035848612e-01 0.000000000000000000e+00
6.663823451702161060e-01 0.000000000000000000e+00
6.664188305982562399e-01 0.000000000000000000e+00
6.664506435720067845e-01 0.000000000000000000e+00
6.664783755788199482e-01 0.000000000000000000e+00
6.665025449399117896e-01 0.000000000000000000e+00
6.665236055440826313e-01 0.000000000000000000e+00
6.665419545925274081e-01 0.000000000000000000e+00
6.665579394564531412e-01 0.000000000000000000e+00
6.665718637414910219e-01 0.000000000000000000e+00
6.665839926447469921e-01 0.000000000000000000e+00
6.665945576822609464e-01 0.000000000000000000e+00
