4.765381086903895280e+00 0.000000000000000000e+00
2.626523019865136810e+00 0.000000000000000000e+00
2.069512619196333780e+00 0.000000000000000000e+00
1.381145550263899402e+00 0.000000000000000000e+00
1.236325850124778469e+00 0.000000000000000000e+00
1.167570933886528106e+00 0.000000000000000000e+00
1.130153151348029184e+00 0.000000000000000000e+00
1.111918601714959376e+00 0.000000000000000000e+00
1.103735382602263559e+00 0.000000000000000000e+00
1.284901420472985611e+00 0.000000000000000000e+00
1.477227522213484523e+00 0.000000000000000000e+00
1.585578982488353050e+00 0.000000000000000000e+00
1.644270384680070585e+00 0.000000000000000000e+00
1.644440850612430394e+00 0.000000000000000000e+00
1.534068154022144803e+00 0.000000000000000000e+00
1.491135809116782118e+00 0.000000000000000000e+00
1.463701455581368771e+00 0.000000000000000000e+00
1.440733025756052887e+00 0.000000000000000000e+00
1.451070161779397072e+00 0.000000000000000000e+00
1.549939272637413046e+00 0.000000000000000000e+00
1.653527506830419824e+00 0.000000000000000000e+00
1.220021560695558893e+00 0.000000000000000000e+00
5.441494333159941910e-01 0.000000000000000000e+00
3.116144311266563216e-01 0.000000000000000000e+00
2.599548688752637560e-01 0.000000000000000000e+00
2.316936991813021152e-01 0.000000000000000000e+00
2.201795432390774021e-01 0.000000000000000000e+00
2.195085605986418775e-01 0.000000000000000000e+00
2.253315975497296453e-01 0.000000000000000000e+00
2.345959755566595639e-01 0.000000000000000000e+00
2.453091159577669433e-01 0.000000000000000000e+00
2.562420013509393302e-01 0.000000000000000000e+00
2.728668129770226436e-01 0.000000000000000000e+00
3.199851434190986721e-01 0.000000000000000000e+00
3.623087589714490964e-01 0.000000000000000000e+00
3.999807269333626181e-01 0.000000000000000000e+00
4.332971742726020037e-01 0.000000000000000000e+00
4.626255580875099360e-01 0.000000000000000000e+00
4.883565498238675584e-01 0.000000000000000000e+00
5.108763299433666250e-01 0.000000000000000000e+00
5.305512593798662468e-01 0.000000000000000000e+00
5.477200430730986280e-01 0.000000000000000000e+00
5.626904118142374012e-01 0.000000000000000000e+00
5.757385052913330803e-01 0.000000000000000000e+00
5.871098390375562026e-01 0.000000000000000000e+00
5.970211626725830945e-01 0.000000000000000000e+00
6.056627765156585852e-01 0.000000000000000000e+00
6.132010345007324892e-01 0.000000000000000000e+00
6.197808627463869957e-01 0.000000000000000000e+00
6.255281884316988839e-01 0.000000000000000000e+00
6.305522165416088676e-01 0.000000000000000000e+00
6.349475206982420072e-01 0.000000000000000000e+00
6.387959335606699929e-01 0.000000000000000000e+00
6.421682351551828427e-01 0.000000000000000000e+00
6.451256459121899045e-01 0.000000000000000000e+00
6.477211364233996793e-01 0.000000000000000000e+00
6.500005688996898234e-01 0.000000000000000000e+00
6.520036866662034525e-01 0.000000000000000000e+00
6.537649682687042274e-01 0.000000000000000000e+00
6.553143622535989588e-01 0.000000000000000000e+00
6.566779176994598233e-01 0.000000000000000000e+00
6.578783243236537848e-01 0.000000000000000000e+00
6.589353746099151365e-01 0.000000000000000000e+00
6.598663590030154902e-01 0.000000000000000000e+00
6.606864038624783442e-01 0.000000000000000000e+00
6.614087606004701581e-01 0.000000000000000000e+00
6.620450532726869231e-01 0.000000000000000000e+00
6.626054908551916034e-01 0.000000000000000000e+00
6.630990495256724460e-01 0.000000000000000000e+00
6.635336294696257964e-01 0.000000000000000000e+00
6.639161900421345353e-01 0.000000000000000000e+00
6.642528665241392849e-01 0.000000000000000000e+00
6.645490712075123874e-01 0.000000000000000000e+00
6.648095811151691903e-01 0.000000000000000000e+00
6.650386143007621653e-01 0.000000000000000000e+00
6.652398963678133326e-01 0.000000000000000000e+00
6.654167185921665562e-01 0.000000000000000000e+00
6.655719888169137066e-01 0.000000000000000000e+00
6.657082761090828971e-01 0.000000000000000000e+00
6.658278500167867930e-01 0.000000000000000000e+00
6.659327151394858202e-01 0.000000000000000000e+00
6.660246416184822937e-01 0.000000000000000000e+00
6.661051920663273451e-01 0.000000000000000000e+00
6.661757453796245398e-01 0.000000000000000000e+00
6.662375178173765011e-01 0.000000000000000000e+00
6.662915816745125230e-01 0.000000000000000000e+00
6.663388818359259336e-01 0.000000000000000000e+00
6.663802504588390851e-01 0.000000000000000000e+00
6.664164199994522253e-01 0.000000000000000000e+00
6.664480347727019804e-01 0.000000000000000000e+00
6.664756612107325395e-01 0.000000000000000000e+00
6.664997969657577848e-01 0.000000000000000000e+00
6.665208789857994809e-01 0.000000000000000000e+00
6.665392906769300740e-01 0.000000000000000000e+00
6.665553682526983437e-01 0.000000000000000000e+00
6.665694063601438346e-01 0.000000000000000000e+00
6.665816630619212368e-01 0.000000000000000000e+00
6.665923642453414066e-01 0.000000000000000000e+00
6.666017075214858423e-01 0.000000000000000000e+00
6.666098656707311054e-01 0.000000000000000000e+00
