2.489868630975736075e+00 0.000000000000000000e+00
1.306708417101490216e+00 0.000000000000000000e+00
1.175965250973551868e+00 0.000000000000000000e+00
8.475600440647819145e-01 0.000000000000000000e+00
1.019134288601859062e+00 0.000000000000000000e+00
1.100363252150571292e+00 0.000000000000000000e+00
1.099637400562408995e+00 0.000000000000000000e+00
1.106671112168970961e+00 0.000000000000000000e+00
1.171205087699977332e+00 0.000000000000000000e+00
1.536661594932083208e+00 0.000000000000000000e+00
1.745409981441047753e+00 0.000000000000000000e+00
1.857474799079619432e+00 0.000000000000000000e+00
1.956164931137573282e+00 0.000000000000000000e+00
1.984302122424825177e+00 0.000000000000000000e+00
1.960806894325291205e+00 0.000000000000000000e+00
1.916394970942570941e+00 0.000000000000000000e+00
1.865627088307625137e+00 0.000000000000000000e+00
1.816174492175079758e+00 0.000000000000000000e+00
1.772191626409175935e+00 0.000000000000000000e+00
1.737097044164253923e+00 0.000000000000000000e+00
1.711596818455711322e+00 0.000000000000000000e+00
1.676017091127671055e+00 0.000000000000000000e+00
1.379093795175560189e+00 0.000000000000000000e+00
5.292496201530081379e-01 0.000000000000000000e+00
2.582899584360569545e-01 0.000000000000000000e+00
1.975412527690540987e-01 0.000000000000000000e+00
1.660203930832497288e-01 0.000000000000000000e+00
1.555825310004477213e-01 0.000000000000000000e+00
1.586196996349423793e-01 0.000000000000000000e+00
1.694115877876460896e-01 0.000000000000000000e+00
1.840726354131188014e-01 0.000000000000000000e+00
2.001325320461659896e-01 0.000000000000000000e+00
2.161096990336526247e-01 0.000000000000000000e+00
2.311757323333355485e-01 0.000000000000000000e+00
2.449171913857163263e-01 0.000000000000000000e+00
2.923035765541981967e-01 0.000000000000000000e+00
3.384923564687413733e-01 0.000000000000000000e+00
3.793351235590239900e-01 0.000000000000000000e+00
4.152910460157197003e-01 0.000000000000000000e+00
4.468443078617702624e-01 0.000000000000000000e+00
4.744710199215028679e-01 0.000000000000000000e+00
4.986214780550042303e-01 0.000000000000000000e+00
5.197106359488453675e-01 0.000000000000000000e+00
5.381146212428817854e-01 0.000000000000000000e+00
5.541704718890360093e-01 0.000000000000000000e+00
5.681773175240156792e-01 0.000000000000000000e+00
5.803988834344250280e-01 0.000000000000000000e+00
5.910666416036591819e-01 0.000000000000000000e+00
6.003827904889612599e-01 0.000000000000000000e+00
6.085234343797388812e-01 0.000000000000000000e+00
6.156416113391679490e-01 0.000000000000000000e+00
6.218701047902822632e-01 0.000000000000000000e+00
6.273240072724914906e-01 0.000000000000000000e+00
6.321030253260058185e-01 0.000000000000000000e+00
6.362935282762687272e-01 0.000000000000000000e+00
6.399703527285713900e-01 0.000000000000000000e+00
6.431983801139447010e-01 0.000000000000000000e+00
6.460339075943766218e-01 0.000000000000000000e+00
6.485258337635606551e-01 0.000000000000000000e+00
6.507166804323688547e-01 0.000000000000000000e+00
6.526599942661960307e-01 0.000000000000000000e+00
6.543447771634104404e-01 0.000000000000000000e+00
6.558304840970603511e-01 0.000000000000000000e+00
6.571399460392288727e-01 0.000000000000000000e+00
6.585245217837896181e-01 0.000000000000000000e+00
6.594034322629352962e-01 0.000000000000000000e+00
6.602185486920624236e-01 0.000000000000000000e+00
6.609632305701447219e-01 0.000000000000000000e+00
6.616358328559102109e-01 0.000000000000000000e+00
6.622384490607250429e-01 0.000000000000000000e+00
6.627752263787660691e-01 0.000000000000000000e+00
6.632513177459318232e-01 0.000000000000000000e+00
6.636722391162188650e-01 0.000000000000000000e+00
6.640434848551443059e-01 0.000000000000000000e+00
6.643703074762932204e-01 0.000000000000000000e+00
6.646576011407834272e-01 0.000000000000000000e+00
6.649098496925784918e-01 0.000000000000000000e+00
6.651311139243499815e-01 0.000000000000000000e+00
6.653250418702243429e-01 0.000000000000000000e+00
6.654948918568628358e-01 0.000000000000000000e+00
6.656435618949196886e-01 0.000000000000000000e+00
6.657736214751417414e-01 0.000000000000000000e+00
6.658873434207913666e-01 0.000000000000000000e+00
6.659867344546472889e-01 0.000000000000000000e+00
6.660735637693229183e-01 0.000000000000000000e+00
6.661493892786297666e-01 0.000000000000000000e+00
6.662155814624733940e-01 0.000000000000000000e+00
6.662733448548135984e-01 0.000000000000000000e+00
6.663237372999142316e-01 0.000000000000000000e+00
6.663676871398417356e-01 0.000000000000000000e+00
6.664060085107711418e-01 0.000000000000000000e+00
6.664394149265734368e-01 0.000000000000000000e+00
6.664685313213164486e-01 0.000000000000000000e+00
6.664939047113602744e-01 0.000000000000000000e+00
6.665160136249458356e-01 0.000000000000000000e+00
6.665352764338777769e-01 0.000000000000000000e+00
6.665520587087196969e-01 0.000000000000000000e+00
6.665666797065722404e-01 0.000000000000000000e+00
6.665794180913077183e-01 0.000000000000000000e+00
6.665905169732021518e-01 0.000000000000000000e+00
