1.746515452459103113e+00 0.000000000000000000e+00
1.103731525876327391e+00 0.000000000000000000e+00
1.168536056591201744e+00 0.000000000000000000e+00
1.166013193472994924e+00 0.000000000000000000e+00
1.753577120063589900e+00 0.000000000000000000e+00
2.040444082076866117e+00 0.000000000000000000e+00
2.149213507439284410e+00 0.000000000000000000e+00
2.067679966039996042e+00 0.000000000000000000e+00
1.331989144089453792e+00 0.000000000000000000e+00
1.149660796146096953e+00 0.000000000000000000e+00
1.157193978100252707e+00 0.000000000000000000e+00
1.161329141400257114e+00 0.000000000000000000e+00
1.165984636440682509e+00 0.000000000000000000e+00
1.166450261367176333e+00 0.000000000000000000e+00
1.166434619803079720e+00 0.000000000000000000e+00
1.173960561573604178e+00 0.000000000000000000e+00
1.348039369912790608e+00 0.000000000000000000e+00
1.505329457709643215e+00 0.000000000000000000e+00
1.632105379927329736e+00 0.000000000000000000e+00
1.718635841790665975e+00 0.000000000000000000e+00
1.732888922497442419e+00 0.000000000000000000e+00
1.393511687104353580e+00 0.000000000000000000e+00
9.402216082369077021e-01 0.000000000000000000e+00
6.352201905312947483e-01 0.000000000000000000e+00
4.359330157527386285e-01 0.000000000000000000e+00
3.276978454857036871e-01 0.000000000000000000e+00
2.969481331206687003e-01 0.000000000000000000e+00
2.756529726837604333e-01 0.000000000000000000e+00
2.621735289399648172e-01 0.000000000000000000e+00
2.548087591766803328e-01 0.000000000000000000e+00
2.520196216023483649e-01 0.000000000000000000e+00
2.525179675150814873e-01 0.000000000000000000e+00
2.715858284543571366e-01 0.000000000000000000e+00
3.008719657327312280e-01 0.000000000000000000e+00
3.303810734957686734e-01 0.000000000000000000e+00
3.592065642067416298e-01 0.000000000000000000e+00
3.867730168863803275e-01 0.000000000000000000e+00
4.127383601324870477e-01 0.000000000000000000e+00
4.369393708965825240e-01 0.000000000000000000e+00
4.592685124527063900e-01 0.000000000000000000e+00
4.797592843672603413e-01 0.000000000000000000e+00
4.984676024126737381e-01 0.000000000000000000e+00
5.154801862688676017e-01 0.000000000000000000e+00
5.309015454284672364e-01 0.000000000000000000e+00
5.448579627216619814e-01 0.000000000000000000e+00
5.574330206287955169e-01 0.000000000000000000e+00
5.687622590673562240e-01 0.000000000000000000e+00
5.789551004994595296e-01 0.000000000000000000e+00
5.881152756600461773e-01 0.000000000000000000e+00
5.963508735724326604e-01 0.000000000000000000e+00
6.037246566277589821e-01 0.000000000000000000e+00
6.103375088378414359e-01 0.000000000000000000e+00
6.162647171904529486e-01 0.000000000000000000e+00
6.215749726041570611e-01 0.000000000000000000e+00
6.263398550257806008e-01 0.000000000000000000e+00
6.305932721396716456e-01 0.000000000000000000e+00
6.344013963361643249e-01 0.000000000000000000e+00
6.378099301029201973e-01 0.000000000000000000e+00
6.408685995330267726e-01 0.000000000000000000e+00
6.435935236005978499e-01 0.000000000000000000e+00
6.460320882159709122e-01 0.000000000000000000e+00
6.482139358249825456e-01 0.000000000000000000e+00
6.501736221564474727e-01 0.000000000000000000e+00
6.519156278173512398e-01 0.000000000000000000e+00
6.534744540250900791e-01 0.000000000000000000e+00
6.548690743467611153e-01 0.000000000000000000e+00
6.561238760416360227e-01 0.000000000000000000e+00
6.572361010633883671e-01 0.000000000000000000e+00
6.582315616678098280e-01 0.000000000000000000e+00
6.591222947805539523e-01 0.000000000000000000e+00
6.599191544710627522e-01 0.000000000000000000e+00
6.606319163294197550e-01 0.000000000000000000e+00
6.612693726741424305e-01 0.000000000000000000e+00
6.618394220070374923e-01 0.000000000000000000e+00
6.623491529702001390e-01 0.000000000000000000e+00
6.628049223652495714e-01 0.000000000000000000e+00
6.632124270459232029e-01 0.000000000000000000e+00
6.635767697434813428e-01 0.000000000000000000e+00
6.639025190440980273e-01 0.000000000000000000e+00
6.641937638322057413e-01 0.000000000000000000e+00
6.644541625647736316e-01 0.000000000000000000e+00
6.646869877632670676e-01 0.000000000000000000e+00
6.648968165427818766e-01 0.000000000000000000e+00
6.650821707369931612e-01 0.000000000000000000e+00
6.652481061525041817e-01 0.000000000000000000e+00
6.653966341429256026e-01 0.000000000000000000e+00
6.655295644449902293e-01 0.000000000000000000e+00
6.656485252526591623e-01 0.000000000000000000e+00
6.657549798376209971e-01 0.000000000000000000e+00
6.658502416834138904e-01 0.000000000000000000e+00
6.659364422401525818e-01 0.000000000000000000e+00
6.660122725381689701e-01 0.000000000000000000e+00
6.660802450063192381e-01 0.000000000000000000e+00
6.661411598498002684e-01 0.000000000000000000e+00
6.661957394348044792e-01 0.000000000000000000e+00
6.662446361768024072e-01 0.000000000000000000e+00
6.662884384025304918e-01 0.000000000000000000e+00
6.663276756591143268e-01 0.000000000000000000e+00
6.663628238386339886e-01 0.000000000000000000e+00
6.663948009815879869e-01 0.000000000000000000e+00
