1.188732121899046756e+00 0.000000000000000000e+00
1.166416439508405345e+00 0.000000000000000000e+00
1.681607747794421570e+00 0.000000000000000000e+00
1.167648866346080450e+00 0.000000000000000000e+00
1.449864263829971023e+00 0.000000000000000000e+00
1.918954990892344004e+00 0.000000000000000000e+00
1.745559513311133237e+00 0.000000000000000000e+00
1.489182815744144683e+00 0.000000000000000000e+00
1.349890050238309325e+00 0.000000000000000000e+00
1.274571166672176403e+00 0.000000000000000000e+00
1.233669229800759437e+00 0.000000000000000000e+00
1.212210962635924982e+00 0.000000000000000000e+00
1.201645070953872185e+00 0.000000000000000000e+00
1.196061620728134489e+00 0.000000000000000000e+00
1.193513918221361214e+00 0.000000000000000000e+00
1.250796100042458336e+00 0.000000000000000000e+00
1.332667721583618903e+00 0.000000000000000000e+00
1.383178317022921711e+00 0.000000000000000000e+00
1.137061014468627285e+00 0.000000000000000000e+00
9.283100697143314983e-01 0.000000000000000000e+00
7.755160376179498494e-01 0.000000000000000000e+00
6.647388616366615155e-01 0.000000000000000000e+00
5.854691505317092259e-01 0.000000000000000000e+00
5.298695446231631578e-01 0.000000000000000000e+00
4.920203509602335545e-01 0.000000000000000000e+00
4.674509331732487061e-01 0.000000000000000000e+00
4.527469244904687717e-01 0.000000000000000000e+00
4.453444634967929083e-01 0.000000000000000000e+00
4.432950340391058619e-01 0.000000000000000000e+00
4.451221263468538858e-01 0.000000000000000000e+00
4.497087647322376425e-01 0.000000000000000000e+00
4.562120286129639490e-01 0.000000000000000000e+00
4.639979644210314724e-01 0.000000000000000000e+00
4.725919482818701223e-01 0.000000000000000000e+00
4.816910997983268050e-01 0.000000000000000000e+00
4.909091052197427363e-01 0.000000000000000000e+00
5.001393031040516357e-01 0.000000000000000000e+00
5.092421819522260362e-01 0.000000000000000000e+00
5.181192171053210505e-01 0.000000000000000000e+00
5.267028250345158202e-01 0.000000000000000000e+00
5.349486682059340081e-01 0.000000000000000000e+00
5.428297732089917282e-01 0.000000000000000000e+00
5.503320430289547760e-01 0.000000000000000000e+00
5.574508405386590093e-01 0.000000000000000000e+00
5.646645824478769837e-01 0.000000000000000000e+00
5.708244635126021871e-01 0.000000000000000000e+00
5.766810537005814252e-01 0.000000000000000000e+00
5.822320875284313635e-01 0.000000000000000000e+00
5.874800562255491077e-01 0.000000000000000000e+00
5.924311458858828594e-01 0.000000000000000000e+00
5.970941484912203334e-01 0.000000000000000000e+00
6.014796316360910833e-01 0.000000000000000000e+00
6.055993091528691918e-01 0.000000000000000000e+00
6.094655670921023116e-01 0.000000000000000000e+00
6.130911094229820613e-01 0.000000000000000000e+00
6.164886956712484212e-01 0.000000000000000000e+00
6.196709489110494573e-01 0.000000000000000000e+00
6.226502174033161641e-01 0.000000000000000000e+00
6.254384769942826772e-01 0.000000000000000000e+00
6.280472643706942470e-01 0.000000000000000000e+00
6.304876335877266369e-01 0.000000000000000000e+00
6.327701300818375785e-01 0.000000000000000000e+00
6.349047777658272107e-01 0.000000000000000000e+00
6.369010758666511229e-01 0.000000000000000000e+00
6.387680029789841729e-01 0.000000000000000000e+00
6.405140264254339799e-01 0.000000000000000000e+00
6.421471154819679006e-01 0.000000000000000000e+00
6.436747573794499022e-01 0.000000000000000000e+00
6.451039752564605712e-01 0.000000000000000000e+00
6.464413474360767298e-01 0.000000000000000000e+00
6.476930275465103692e-01 0.000000000000000000e+00
6.488647651151476792e-01 0.000000000000000000e+00
6.499619263473266351e-01 0.000000000000000000e+00
6.509895148625294281e-01 0.000000000000000000e+00
6.519521922071129794e-01 0.000000000000000000e+00
6.528542979983875671e-01 0.000000000000000000e+00
6.536998695828489803e-01 0.000000000000000000e+00
6.544926611138697226e-01 0.000000000000000000e+00
6.552361619727572473e-01 0.000000000000000000e+00
6.559336144728613593e-01 0.000000000000000000e+00
6.565880308001587062e-01 0.000000000000000000e+00
6.572022091559100998e-01 0.000000000000000000e+00
6.577787490779194446e-01 0.000000000000000000e+00
6.583200659268036992e-01 0.000000000000000000e+00
6.588284045326160410e-01 0.000000000000000000e+00
6.593058520052033078e-01 0.000000000000000000e+00
6.597543497188652628e-01 0.000000000000000000e+00
6.601757044882018421e-01 0.000000000000000000e+00
6.605715989575177138e-01 0.000000000000000000e+00
6.609436012308005370e-01 0.000000000000000000e+00
6.612931737731326809e-01 0.000000000000000000e+00
6.616216816174365078e-01 0.000000000000000000e+00
6.619303999127682525e-01 0.000000000000000000e+00
6.622205208519765796e-01 0.000000000000000000e+00
6.624931600175016921e-01 0.000000000000000000e+00
6.627493621844663396e-01 0.000000000000000000e+00
6.629901066200549753e-01 0.000000000000000000e+00
6.632163119175804589e-01 0.000000000000000000e+00
6.634288404026228436e-01 0.000000000000000000e+00
6.636285021473180556e-01 0.000000000000000000e+00
