1.133333408256883557e+00 0.000000000000000000e+00
1.252623880478854312e+00 0.000000000000000000e+00
1.331826896881126876e+00 0.000000000000000000e+00
1.383275940183773312e+00 0.000000000000000000e+00
1.415273287214615872e+00 0.000000000000000000e+00
1.433483557531220143e+00 0.000000000000000000e+00
1.441632546256637060e+00 0.000000000000000000e+00
1.442012965452688533e+00 0.000000000000000000e+00
1.435940029612552182e+00 0.000000000000000000e+00
1.424144855540162347e+00 0.000000000000000000e+00
1.407074639413327111e+00 0.000000000000000000e+00
1.385089143771479625e+00 0.000000000000000000e+00
1.358567328270680719e+00 0.000000000000000000e+00
1.327947059359996018e+00 0.000000000000000000e+00
1.293724087155872837e+00 0.000000000000000000e+00
1.256432742908302203e+00 0.000000000000000000e+00
1.216621462647579532e+00 0.000000000000000000e+00
1.174831874734790560e+00 0.000000000000000000e+00
1.131584304811310338e+00 0.000000000000000000e+00
1.087370213579116340e+00 0.000000000000000000e+00
1.042650042908303210e+00 0.000000000000000000e+00
9.978546266528847131e-01 0.000000000000000000e+00
9.533884734355602131e-01 0.000000000000000000e+00
9.096336032302443364e-01 0.000000000000000000e+00
8.669530807454484123e-01 0.000000000000000000e+00
8.256937906373420510e-01 0.000000000000000000e+00
7.861882952054219942e-01 0.000000000000000000e+00
7.487558041659281294e-01 0.000000000000000000e+00
7.137023882731918789e-01 0.000000000000000000e+00
6.813206090584971175e-01 0.000000000000000000e+00
6.518887384869036516e-01 0.000000000000000000e+00
6.256697223026963517e-01 0.000000000000000000e+00
6.029100110226359721e-01 0.000000000000000000e+00
5.838383499757718864e-01 0.000000000000000000e+00
5.686645880500759143e-01 0.000000000000000000e+00
5.575785352622191215e-01 0.000000000000000000e+00
5.507488721598275960e-01 0.000000000000000000e+00
5.483220893324387557e-01 0.000000000000000000e+00
5.504214131765434725e-01 0.000000000000000000e+00
5.571456554486041712e-01 0.000000000000000000e+00
5.685679108650794067e-01 0.000000000000000000e+00
5.847340218154386537e-01 0.000000000000000000e+00
6.056607356245208296e-01 0.000000000000000000e+00
6.313335015135397299e-01 0.000000000000000000e+00
6.617038948185001157e-01 0.000000000000000000e+00
6.966867170488713068e-01 0.000000000000000000e+00
7.361569012580473359e-01 0.000000000000000000e+00
7.799464482179032654e-01 0.000000000000000000e+00
8.278417202145906817e-01 0.000000000000000000e+00
8.795815104758770708e-01 0.000000000000000000e+00
9.348563668590428311e-01 0.000000000000000000e+00
1.158752441480260353e+00 0.000000000000000000e+00
1.316815257986370113e+00 0.000000000000000000e+00
1.437676174821640229e+00 0.000000000000000000e+00
1.538909335285924218e+00 0.000000000000000000e+00
1.628342704338114011e+00 0.000000000000000000e+00
1.707411169737563572e+00 0.000000000000000000e+00
1.774485142249651481e+00 0.000000000000000000e+00
1.827486631294618302e+00 0.000000000000000000e+00
1.865490452736778160e+00 0.000000000000000000e+00
1.889312759669256492e+00 0.000000000000000000e+00
1.901297791403798731e+00 0.000000000000000000e+00
1.904638474876890752e+00 0.000000000000000000e+00
1.902591654172202773e+00 0.000000000000000000e+00
1.897866348283028470e+00 0.000000000000000000e+00
1.892313694959341541e+00 0.000000000000000000e+00
1.886902681891429623e+00 0.000000000000000000e+00
1.881882177144699186e+00 0.000000000000000000e+00
1.877015768726483014e+00 0.000000000000000000e+00
1.871806090120019306e+00 0.000000000000000000e+00
1.865665512873338816e+00 0.000000000000000000e+00
1.858027702343323817e+00 0.000000000000000000e+00
1.848407760791680232e+00 0.000000000000000000e+00
1.836426579647136403e+00 0.000000000000000000e+00
1.821813214086573929e+00 0.000000000000000000e+00
1.804395730554643418e+00 0.000000000000000000e+00
1.784087216914050256e+00 0.000000000000000000e+00
1.760870738590325058e+00 0.000000000000000000e+00
1.734785196045950162e+00 0.000000000000000000e+00
1.705912994643231428e+00 0.000000000000000000e+00
1.674369894385410173e+00 0.000000000000000000e+00
1.640296913587055982e+00 0.000000000000000000e+00
1.603854189694373655e+00 0.000000000000000000e+00
1.565216493818027521e+00 0.000000000000000000e+00
1.524570043360632621e+00 0.000000000000000000e+00
1.482110274714477871e+00 0.000000000000000000e+00
1.438040275418662750e+00 0.000000000000000000e+00
1.392569629601054793e+00 0.000000000000000000e+00
1.345913490996990536e+00 0.000000000000000000e+00
1.298291755006415249e+00 0.000000000000000000e+00
1.249928249374271827e+00 0.000000000000000000e+00
1.201049899825620271e+00 0.000000000000000000e+00
1.151885852558262036e+00 0.000000000000000000e+00
1.102666551576118925e+00 0.000000000000000000e+00
1.053622777715304215e+00 0.000000000000000000e+00
1.004984660132643981e+00 0.000000000000000000e+00
9.569806718953450808e-01 0.000000000000000000e+00
9.098366205474983648e-01 0.000000000000000000e+00
8.637746430734687397e-01 0.000000000000000000e+00
8.190122130787740318e-01 0.000000000000000000e+00
7.757611665246957333e-01 0.000000000000000000e+00
7.342267510605733349e-01 0.000000000000000000e+00
6.946067028696143453e-01 0.000000000000000000e+00
6.570903539095425128e-01 0.000000000000000000e+00
6.218577714118460609e-01 0.000000000000000000e+00
5.890789304427013207e-01 0.000000000000000000e+00
5.589129191965880317e-01 0.000000000000000000e+00
5.315071754967686246e-01 0.000000000000000000e+00
5.069967517682425484e-01 0.000000000000000000e+00
4.855036046262394822e-01 0.000000000000000000e+00
4.671359043386766885e-01 0.000000000000000000e+00
4.519873400462449120e-01 0.000000000000000000e+00
4.401364249903435555e-01 0.000000000000000000e+00
4.316460039593406628e-01 0.000000000000000000e+00
4.265624864170285968e-01 0.000000000000000000e+00
4.249151506017105895e-01 0.000000000000000000e+00
4.267155281793559296e-01 0.000000000000000000e+00
4.319568204346786455e-01 0.000000000000000000e+00
4.406133646908841905e-01 0.000000000000000000e+00
4.526401894763068534e-01 0.000000000000000000e+00
4.679727073681039240e-01 0.000000000000000000e+00
4.865266027433697849e-01 0.000000000000000000e+00
5.081979274881629483e-01 0.000000000000000000e+00
5.328635031622429574e-01 0.000000000000000000e+00
5.603822234748274678e-01 0.000000000000000000e+00
5.905959973163841248e-01 0.000000000000000000e+00
6.233313507495567007e-01 0.000000000000000000e+00
6.584016511594690257e-01 0.000000000000000000e+00
6.956097117173156708e-01 0.000000000000000000e+00
7.347506782952435422e-01 0.000000000000000000e+00
7.756150529317529241e-01 0.000000000000000000e+00
8.179915415160594616e-01 0.000000000000000000e+00
8.616699531806473189e-01 0.000000000000000000e+00
9.064435773964270027e-01 0.000000000000000000e+00
9.521109050291336473e-01 0.000000000000000000e+00
9.984767042219440114e-01 0.000000000000000000e+00
1.045352273111518349e+00 0.000000000000000000e+00
1.092554962399404639e+00 0.000000000000000000e+00
1.139907076784008932e+00 0.000000000000000000e+00
1.187234316194373696e+00 0.000000000000000000e+00
1.234363975897705856e+00 0.000000000000000000e+00
1.281123138419156593e+00 0.000000000000000000e+00
1.327337092320155065e+00 0.000000000000000000e+00
1.372828239900068414e+00 0.000000000000000000e+00
1.417415440228191104e+00 0.000000000000000000e+00
1.460913994220559564e+00 0.000000000000000000e+00
1.503136256837873441e+00 0.000000000000000000e+00
1.543892787274569134e+00 0.000000000000000000e+00
1.582993930955340689e+00 0.000000000000000000e+00
1.620251707719105205e+00 0.000000000000000000e+00
1.655481875544864590e+00 0.000000000000000000e+00
1.688506047892702977e+00 0.000000000000000000e+00
1.719153760651639606e+00 0.000000000000000000e+00
1.747264411126390637e+00 0.000000000000000000e+00
1.772689006124345656e+00 0.000000000000000000e+00
1.795291638812085200e+00 0.000000000000000000e+00
1.814950778974624424e+00 0.000000000000000000e+00
1.831560285517463527e+00 0.000000000000000000e+00
1.845030151514742478e+00 0.000000000000000000e+00
1.855287010831446759e+00 0.000000000000000000e+00
1.862274429706844758e+00 0.000000000000000000e+00
1.865953011015256902e+00 0.000000000000000000e+00
1.866300342554135128e+00 0.000000000000000000e+00
1.863310821820457264e+00 0.000000000000000000e+00
1.856995388095237010e+00 0.000000000000000000e+00
1.847381188588979040e+00 0.000000000000000000e+00
1.834511199596245978e+00 0.000000000000000000e+00
1.818443816958847714e+00 0.000000000000000000e+00
1.799252423569638992e+00 0.000000000000000000e+00
1.777024935944057082e+00 0.000000000000000000e+00
1.751863327568294437e+00 0.000000000000000000e+00
1.723883124028357194e+00 0.000000000000000000e+00
1.693212863784043565e+00 0.000000000000000000e+00
1.659993518620894726e+00 0.000000000000000000e+00
1.624377868927204149e+00 0.000000000000000000e+00
1.586529830606449698e+00 0.000000000000000000e+00
1.546623732297922382e+00 0.000000000000000000e+00
1.504843543366224612e+00 0.000000000000000000e+00
1.461382054661839680e+00 0.000000000000000000e+00
1.416440015266814623e+00 0.000000000000000000e+00
1.370225229309447901e+00 0.000000000000000000e+00
1.322951617499885435e+00 0.000000000000000000e+00
1.274838248367775595e+00 0.000000000000000000e+00
1.226108344340103073e+00 0.000000000000000000e+00
1.176988267847340675e+00 0.000000000000000000e+00
1.127706492632969404e+00 0.000000000000000000e+00
1.078492565399109537e+00 0.000000000000000000e+00
1.029576062861234043e+00 0.000000000000000000e+00
9.811855492128540579e-01 0.000000000000000000e+00
9.335475389088561116e-01 0.000000000000000000e+00
8.868854695487375928e-01 0.000000000000000000e+00
8.414186894627171398e-01 0.000000000000000000e+00
7.973614643537345614e-01 0.000000000000000000e+00
7.549220070040512098e-01 0.000000000000000000e+00
7.143015335974134405e-01 0.000000000000000000e+00
6.756933496166719344e-01 0.000000000000000000e+00
6.392819675370327026e-01 0.000000000000000000e+00
6.052422576424123513e-01 0.000000000000000000e+00
5.737386322522703974e-01 0.000000000000000000e+00
5.449242624871299956e-01 0.000000000000000000e+00
