1.188732121899046756e+00 0.000000000000000000e+00
1.166462224929906810e+00 0.000000000000000000e+00
1.754175404869976918e+00 0.000000000000000000e+00
1.593797339949120317e+00 0.000000000000000000e+00
1.398293171671515678e+00 0.000000000000000000e+00
1.658859126242472115e+00 0.000000000000000000e+00
1.162870965477206253e+00 0.000000000000000000e+00
1.101312940957272613e+00 0.000000000000000000e+00
1.123826564839039088e+00 0.000000000000000000e+00
1.138777034172588909e+00 0.000000000000000000e+00
1.179476982421866271e+00 0.000000000000000000e+00
1.299526266537563091e+00 0.000000000000000000e+00
1.399141758246962297e+00 0.000000000000000000e+00
1.475028421440892412e+00 0.000000000000000000e+00
1.532447866359453847e+00 0.000000000000000000e+00
1.575769250445432146e+00 0.000000000000000000e+00
1.606303996110607590e+00 0.000000000000000000e+00
1.629834775076786535e+00 0.000000000000000000e+00
1.640724492793767197e+00 0.000000000000000000e+00
1.631976627060522489e+00 0.000000000000000000e+00
1.649136556433844270e+00 0.000000000000000000e+00
1.622080861739327418e+00 0.000000000000000000e+00
1.616029882714863142e+00 0.000000000000000000e+00
1.562513284932983915e+00 0.000000000000000000e+00
7.377884817125004435e-01 0.000000000000000000e+00
2.583963617773089583e-01 0.000000000000000000e+00
2.167799962212960674e-01 0.000000000000000000e+00
2.029428362436174194e-01 0.000000000000000000e+00
2.048381907421611414e-01 0.000000000000000000e+00
2.138221005172183942e-01 0.000000000000000000e+00
2.206656575686717359e-01 0.000000000000000000e+00
2.271489142042731890e-01 0.000000000000000000e+00
2.291706206548042024e-01 0.000000000000000000e+00
2.321644915258850306e-01 0.000000000000000000e+00
2.350297615026968323e-01 0.000000000000000000e+00
2.418640427017036965e-01 0.000000000000000000e+00
2.521516222476017921e-01 0.000000000000000000e+00
2.639211133445733548e-01 0.000000000000000000e+00
2.976090928322548956e-01 0.000000000000000000e+00
3.528804016600096682e-01 0.000000000000000000e+00
4.019001829617881993e-01 0.000000000000000000e+00
4.444814343301903281e-01 0.000000000000000000e+00
4.809476031860904222e-01 0.000000000000000000e+00
5.118675626790225586e-01 0.000000000000000000e+00
5.378987771409244889e-01 0.000000000000000000e+00
5.597022165243337177e-01 0.000000000000000000e+00
5.778959251309856437e-01 0.000000000000000000e+00
5.930367083543519602e-01 0.000000000000000000e+00
6.056140900735220711e-01 0.000000000000000000e+00
6.160483994430987487e-01 0.000000000000000000e+00
6.246969630872504231e-01 0.000000000000000000e+00
6.318624220429420735e-01 0.000000000000000000e+00
6.377978313775857222e-01 0.000000000000000000e+00
6.427144416092697154e-01 0.000000000000000000e+00
6.467872427630579901e-01 0.000000000000000000e+00
6.501622398755622090e-01 0.000000000000000000e+00
6.529596394523576874e-01 0.000000000000000000e+00
6.552790290802401607e-01 0.000000000000000000e+00
6.572030619911720661e-01 0.000000000000000000e+00
6.587996096759244358e-01 0.000000000000000000e+00
6.601248816871432279e-01 0.000000000000000000e+00
6.612255268009614717e-01 0.000000000000000000e+00
6.621398689084456723e-01 0.000000000000000000e+00
6.628997104006912888e-01 0.000000000000000000e+00
6.635313662206603347e-01 0.000000000000000000e+00
6.640566230006270665e-01 0.000000000000000000e+00
6.644935346434778234e-01 0.000000000000000000e+00
6.648570443403192254e-01 0.000000000000000000e+00
6.651595556976739321e-01 0.000000000000000000e+00
6.654113588962381476e-01 0.000000000000000000e+00
6.656209948886806504e-01 0.000000000000000000e+00
6.657955557377773781e-01 0.000000000000000000e+00
6.659409328276473250e-01 0.000000000000000000e+00
6.660620220136925784e-01 0.000000000000000000e+00
6.661628932875794940e-01 0.000000000000000000e+00
6.662469311902445845e-01 0.000000000000000000e+00
6.663169510921614913e-01 0.000000000000000000e+00
6.663752955477522111e-01 0.000000000000000000e+00
6.664239141841564740e-01 0.000000000000000000e+00
6.664643340606428712e-01 0.000000000000000000e+00
6.664981450792353268e-01 0.000000000000000000e+00
6.665263098801110786e-01 0.000000000000000000e+00
6.665497738458197041e-01 0.000000000000000000e+00
6.665693226621181022e-01 0.000000000000000000e+00
6.665854811907290234e-01 0.000000000000000000e+00
6.665991105618502832e-01 0.000000000000000000e+00
6.666104480669314825e-01 0.000000000000000000e+00
6.666198800905078770e-01 0.000000000000000000e+00
6.666277261825614975e-01 0.000000000000000000e+00
6.666340785718040118e-01 0.000000000000000000e+00
6.666395678968490834e-01 0.000000000000000000e+00
6.666441048859214069e-01 0.000000000000000000e+00
6.666476360634187026e-01 0.000000000000000000e+00
6.666527552424401648e-01 0.000000000000000000e+00
6.666538841784199754e-01 0.000000000000000000e+00
6.666562514983211951e-01 0.000000000000000000e+00
6.666589400785440933e-01 0.000000000000000000e+00
6.666601776846551308e-01 0.000000000000000000e+00
6.666611861607959488e-01 0.000000000000000000e+00
6.666620390484313541e-01 0.000000000000000000e+00
