1.192445247592464064e+00 0.000000000000000000e+00
1.155540422401590384e+00 0.000000000000000000e+00
1.507143725899970477e+00 0.000000000000000000e+00
1.169049157413984297e+00 0.000000000000000000e+00
1.322618394052285318e+00 0.000000000000000000e+00
1.934988281324621529e+00 0.000000000000000000e+00
2.108137823058299443e+00 0.000000000000000000e+00
2.044889394370273283e+00 0.000000000000000000e+00
1.664241727707008289e+00 0.000000000000000000e+00
1.433783989922100766e+00 0.000000000000000000e+00
1.286403748418417203e+00 0.000000000000000000e+00
1.186753739014429820e+00 0.000000000000000000e+00
1.148705832259894200e+00 0.000000000000000000e+00
1.151023252143045905e+00 0.000000000000000000e+00
1.153313006473430935e+00 0.000000000000000000e+00
1.157217099889741529e+00 0.000000000000000000e+00
1.159410851990913205e+00 0.000000000000000000e+00
1.149633962170616863e+00 0.000000000000000000e+00
1.246004332114563073e+00 0.000000000000000000e+00
1.354243773398569051e+00 0.000000000000000000e+00
1.098669446275389427e+00 0.000000000000000000e+00
8.480834159939180106e-01 0.000000000000000000e+00
6.720890470828660979e-01 0.000000000000000000e+00
5.504975666593499017e-01 0.000000000000000000e+00
4.687408812799993552e-01 0.000000000000000000e+00
4.160653125216485781e-01 0.000000000000000000e+00
3.844948055578192303e-01 0.000000000000000000e+00
3.681471034722886837e-01 0.000000000000000000e+00
3.626656930904096909e-01 0.000000000000000000e+00
3.648276956263210025e-01 0.000000000000000000e+00
3.722537380900891035e-01 0.000000000000000000e+00
3.833338245615118267e-01 0.000000000000000000e+00
3.964292433695612572e-01 0.000000000000000000e+00
4.108455004214894291e-01 0.000000000000000000e+00
4.259010673031661809e-01 0.000000000000000000e+00
4.411090795406338305e-01 0.000000000000000000e+00
4.561274199238438132e-01 0.000000000000000000e+00
4.707212561692936670e-01 0.000000000000000000e+00
4.847349444382847983e-01 0.000000000000000000e+00
4.980709760565054101e-01 0.000000000000000000e+00
5.106742214713563266e-01 0.000000000000000000e+00
5.234716459803870903e-01 0.000000000000000000e+00
5.341086603325102544e-01 0.000000000000000000e+00
5.441433382065697932e-01 0.000000000000000000e+00
5.535593564937718591e-01 0.000000000000000000e+00
5.623565471524651915e-01 0.000000000000000000e+00
5.705467697237254221e-01 0.000000000000000000e+00
5.781501510564980295e-01 0.000000000000000000e+00
5.851922722409997890e-01 0.000000000000000000e+00
5.917020795922098841e-01 0.000000000000000000e+00
5.977103466935821396e-01 0.000000000000000000e+00
6.032485542675529722e-01 0.000000000000000000e+00
6.083480856199983133e-01 0.000000000000000000e+00
6.130396594514303521e-01 0.000000000000000000e+00
6.173529404187866332e-01 0.000000000000000000e+00
6.213162821512304701e-01 0.000000000000000000e+00
6.249565684118193465e-01 0.000000000000000000e+00
6.282991264981051538e-01 0.000000000000000000e+00
6.313676933746312780e-01 0.000000000000000000e+00
6.341844198883548334e-01 0.000000000000000000e+00
6.367699020931554266e-01 0.000000000000000000e+00
6.391432314809485371e-01 0.000000000000000000e+00
6.413220580007261695e-01 0.000000000000000000e+00
6.433226613099105595e-01 0.000000000000000000e+00
6.451600268727587517e-01 0.000000000000000000e+00
6.468479243960266745e-01 0.000000000000000000e+00
6.483989867471028345e-01 0.000000000000000000e+00
6.498247879905623137e-01 0.000000000000000000e+00
6.511359195478664263e-01 0.000000000000000000e+00
6.523420637633013941e-01 0.000000000000000000e+00
6.534520643707152354e-01 0.000000000000000000e+00
6.544739935174143097e-01 0.000000000000000000e+00
6.554152151264653892e-01 0.000000000000000000e+00
6.562824444758170728e-01 0.000000000000000000e+00
6.570818039488421913e-01 0.000000000000000000e+00
6.578188749709412697e-01 0.000000000000000000e+00
6.584987461942536369e-01 0.000000000000000000e+00
6.591260580298414773e-01 0.000000000000000000e+00
6.597050436558008490e-01 0.000000000000000000e+00
6.602395666520194384e-01 0.000000000000000000e+00
6.607331554287987352e-01 0.000000000000000000e+00
6.611890346281480424e-01 0.000000000000000000e+00
6.616101536839118502e-01 0.000000000000000000e+00
6.619992127306295604e-01 0.000000000000000000e+00
6.623586860516470498e-01 0.000000000000000000e+00
6.626908432549805106e-01 0.000000000000000000e+00
6.629977683612100492e-01 0.000000000000000000e+00
6.632813769816349181e-01 0.000000000000000000e+00
6.635434317574222529e-01 0.000000000000000000e+00
6.637855562218826222e-01 0.000000000000000000e+00
6.640092472385503708e-01 0.000000000000000000e+00
6.642158861577965867e-01 0.000000000000000000e+00
6.644067488243986519e-01 0.000000000000000000e+00
6.645830145581285153e-01 0.000000000000000000e+00
6.647457742191168473e-01 0.000000000000000000e+00
6.648960374596991629e-01 0.000000000000000000e+00
6.650347392547291125e-01 0.000000000000000000e+00
6.651627457931039711e-01 0.000000000000000000e+00
6.652808598045023558e-01 0.000000000000000000e+00
6.653898253871752821e-01 0.000000000000000000e+00
