1.189632773641858821e+00 0.000000000000000000e+00
1.151617940507735360e+00 0.000000000000000000e+00
1.610926924390563730e+00 0.000000000000000000e+00
1.167892209997420938e+00 0.000000000000000000e+00
1.360710139493408466e+00 0.000000000000000000e+00
1.919453123901072811e+00 0.000000000000000000e+00
1.895352473472385668e+00 0.000000000000000000e+00
1.577800073930750058e+00 0.000000000000000000e+00
1.399648792354474480e+00 0.000000000000000000e+00
1.298697947976421130e+00 0.000000000000000000e+00
1.239995198786126629e+00 0.000000000000000000e+00
1.204765953267366019e+00 0.000000000000000000e+00
1.183899798368224232e+00 0.000000000000000000e+00
1.171019069225017528e+00 0.000000000000000000e+00
1.161837307864679536e+00 0.000000000000000000e+00
1.186280845468883793e+00 0.000000000000000000e+00
1.271973134799350813e+00 0.000000000000000000e+00
1.352087772183061531e+00 0.000000000000000000e+00
1.263441631063143777e+00 0.000000000000000000e+00
1.008623950814919734e+00 0.000000000000000000e+00
8.230127177079779033e-01 0.000000000000000000e+00
6.889676971742650924e-01 0.000000000000000000e+00
5.934126344404451192e-01 0.000000000000000000e+00
5.266365524462714998e-01 0.000000000000000000e+00
4.813389503689663451e-01 0.000000000000000000e+00
4.520305485149087033e-01 0.000000000000000000e+00
4.345417402684507158e-01 0.000000000000000000e+00
4.257526822380588438e-01 0.000000000000000000e+00
4.233041246014193071e-01 0.000000000000000000e+00
4.254167239123785027e-01 0.000000000000000000e+00
4.307508852220531259e-01 0.000000000000000000e+00
4.383007265035895328e-01 0.000000000000000000e+00
4.473137004004571482e-01 0.000000000000000000e+00
4.572992245901733033e-01 0.000000000000000000e+00
4.676687866608912336e-01 0.000000000000000000e+00
4.782351382651462979e-01 0.000000000000000000e+00
4.887749308934823400e-01 0.000000000000000000e+00
4.991288779881707383e-01 0.000000000000000000e+00
5.091859960612478142e-01 0.000000000000000000e+00
5.188715718209403471e-01 0.000000000000000000e+00
5.281379893459967612e-01 0.000000000000000000e+00
5.369577474955316010e-01 0.000000000000000000e+00
5.453181539971622138e-01 0.000000000000000000e+00
5.538079937680734366e-01 0.000000000000000000e+00
5.609935103062719808e-01 0.000000000000000000e+00
5.678128231332487674e-01 0.000000000000000000e+00
5.742610681333126799e-01 0.000000000000000000e+00
5.803401832884739209e-01 0.000000000000000000e+00
5.860573532555133358e-01 0.000000000000000000e+00
5.914234489814033102e-01 0.000000000000000000e+00
5.964518410818494543e-01 0.000000000000000000e+00
6.011575030457069202e-01 0.000000000000000000e+00
6.055563382361242031e-01 0.000000000000000000e+00
6.096646791098089269e-01 0.000000000000000000e+00
6.134989185004555701e-01 0.000000000000000000e+00
6.170752418113474302e-01 0.000000000000000000e+00
6.204094360246729112e-01 0.000000000000000000e+00
6.235167569578268232e-01 0.000000000000000000e+00
6.264118405000647094e-01 0.000000000000000000e+00
6.291086469033971840e-01 0.000000000000000000e+00
6.316204297853397209e-01 0.000000000000000000e+00
6.339597234919879254e-01 0.000000000000000000e+00
6.361383439981082022e-01 0.000000000000000000e+00
6.381673996895579348e-01 0.000000000000000000e+00
6.400573092636476780e-01 0.000000000000000000e+00
6.418178246588761571e-01 0.000000000000000000e+00
6.434580574367886330e-01 0.000000000000000000e+00
6.449865074244690577e-01 0.000000000000000000e+00
6.464110927166338838e-01 0.000000000000000000e+00
6.477391803547418725e-01 0.000000000000000000e+00
6.489776171649669356e-01 0.000000000000000000e+00
6.501327603609005079e-01 0.000000000000000000e+00
6.512105076109108159e-01 0.000000000000000000e+00
6.522163263419371582e-01 0.000000000000000000e+00
6.531552821070165660e-01 0.000000000000000000e+00
6.540320658872943449e-01 0.000000000000000000e+00
6.548510202338601038e-01 0.000000000000000000e+00
6.556161641827269460e-01 0.000000000000000000e+00
6.563312168993022944e-01 0.000000000000000000e+00
6.569996200279106802e-01 0.000000000000000000e+00
6.576245587381650548e-01 0.000000000000000000e+00
6.582089814737818179e-01 0.000000000000000000e+00
6.587556184211880161e-01 0.000000000000000000e+00
6.592669987252602892e-01 0.000000000000000000e+00
6.597454664879301989e-01 0.000000000000000000e+00
6.601931955923692197e-01 0.000000000000000000e+00
6.606122034010903921e-01 0.000000000000000000e+00
6.610043633807377583e-01 0.000000000000000000e+00
6.613714167096056418e-01 0.000000000000000000e+00
6.617149829261782523e-01 0.000000000000000000e+00
6.620365696782697373e-01 0.000000000000000000e+00
6.623375816327852217e-01 0.000000000000000000e+00
6.626193286058031928e-01 0.000000000000000000e+00
6.628830329716935976e-01 0.000000000000000000e+00
6.631298364084391439e-01 0.000000000000000000e+00
6.633608060343076929e-01 0.000000000000000000e+00
6.635769399886131126e-01 0.000000000000000000e+00
6.637791725066097825e-01 0.000000000000000000e+00
6.639683785356380596e-01 0.000000000000000000e+00
6.641453779365812382e-01 0.000000000000000000e+00
