1.544530377823947420e+00 0.000000000000000000e+00
1.017559233998568624e+00 0.000000000000000000e+00
1.618548751158014776e+00 0.000000000000000000e+00
1.167626991997559038e+00 0.000000000000000000e+00
1.544016078173339190e+00 0.000000000000000000e+00
1.942033271709520115e+00 0.000000000000000000e+00
2.093222865676876765e+00 0.000000000000000000e+00
2.015473165133324862e+00 0.000000000000000000e+00
1.303265208965185940e+00 0.000000000000000000e+00
1.141252736545769642e+00 0.000000000000000000e+00
1.152720686128187566e+00 0.000000000000000000e+00
1.159979778007270479e+00 0.000000000000000000e+00
1.164771607991081481e+00 0.000000000000000000e+00
1.165574442830186186e+00 0.000000000000000000e+00
1.165678944380138304e+00 0.000000000000000000e+00
1.263363606829787100e+00 0.000000000000000000e+00
1.419427391433887742e+00 0.000000000000000000e+00
1.554146050206410834e+00 0.000000000000000000e+00
1.660438550032413030e+00 0.000000000000000000e+00
1.749890704189276391e+00 0.000000000000000000e+00
1.830321242509363344e+00 0.000000000000000000e+00
1.022554789724822388e+00 0.000000000000000000e+00
6.894970385768456334e-01 0.000000000000000000e+00
4.707832648218048810e-01 0.000000000000000000e+00
3.400249762276509324e-01 0.000000000000000000e+00
2.914030180264236547e-01 0.000000000000000000e+00
5.137692244179865586e-01 0.000000000000000000e+00
6.278008443910109149e-01 0.000000000000000000e+00
1.741208911134482507e-01 0.000000000000000000e+00
1.988312115676307279e-01 0.000000000000000000e+00
2.132741929960156879e-01 0.000000000000000000e+00
3.596347706325057070e-01 0.000000000000000000e+00
3.027740113942228306e-01 0.000000000000000000e+00
3.581393171041878931e-01 0.000000000000000000e+00
2.271800952103770199e-01 0.000000000000000000e+00
2.686510412915440460e-01 0.000000000000000000e+00
3.357603194969275284e-01 0.000000000000000000e+00
3.892144953487079451e-01 0.000000000000000000e+00
5.333254237693461075e-01 0.000000000000000000e+00
4.208919419779338367e-01 0.000000000000000000e+00
4.622814375508915719e-01 0.000000000000000000e+00
4.955009795760276781e-01 0.000000000000000000e+00
5.219792475768750828e-01 0.000000000000000000e+00
5.432290240420357685e-01 0.000000000000000000e+00
6.168052591509042282e-01 0.000000000000000000e+00
5.482721840177925410e-01 0.000000000000000000e+00
5.678093065039592213e-01 0.000000000000000000e+00
5.838445108477945400e-01 0.000000000000000000e+00
5.966865926685891441e-01 0.000000000000000000e+00
6.069901735466237680e-01 0.000000000000000000e+00
6.153523476664346514e-01 0.000000000000000000e+00
6.222167578989130643e-01 0.000000000000000000e+00
6.279151596052584550e-01 0.000000000000000000e+00
6.326969467135177272e-01 0.000000000000000000e+00
6.367506049622404518e-01 0.000000000000000000e+00
6.402194258734096310e-01 0.000000000000000000e+00
6.432130694330159271e-01 0.000000000000000000e+00
6.458160956912480932e-01 0.000000000000000000e+00
6.480942717962022703e-01 0.000000000000000000e+00
6.500992416297879384e-01 0.000000000000000000e+00
6.518719881411012551e-01 0.000000000000000000e+00
6.534454044948992957e-01 0.000000000000000000e+00
6.548493481514199299e-01 0.000000000000000000e+00
6.561028072604984107e-01 0.000000000000000000e+00
6.572236107406104200e-01 0.000000000000000000e+00
6.582260725115617328e-01 0.000000000000000000e+00
6.591218862968188930e-01 0.000000000000000000e+00
6.599255968544716078e-01 0.000000000000000000e+00
6.606462870601549353e-01 0.000000000000000000e+00
6.612914295809630971e-01 0.000000000000000000e+00
6.618706141935860598e-01 0.000000000000000000e+00
6.623901670793567176e-01 0.000000000000000000e+00
6.628551897620607036e-01 0.000000000000000000e+00
6.632722652219453785e-01 0.000000000000000000e+00
6.636460487828415022e-01 0.000000000000000000e+00
6.639801754648300136e-01 0.000000000000000000e+00
6.642788966932576811e-01 0.000000000000000000e+00
6.645459201246048941e-01 0.000000000000000000e+00
6.647847128799651006e-01 0.000000000000000000e+00
6.649979480500747275e-01 0.000000000000000000e+00
6.651878150797526645e-01 0.000000000000000000e+00
6.653569835787505049e-01 0.000000000000000000e+00
6.655074174537787268e-01 0.000000000000000000e+00
6.656415894846847703e-01 0.000000000000000000e+00
6.657610987212930764e-01 0.000000000000000000e+00
6.658674143099216902e-01 0.000000000000000000e+00
6.659619871570121585e-01 0.000000000000000000e+00
6.660455699595065893e-01 0.000000000000000000e+00
6.661197392856522681e-01 0.000000000000000000e+00
6.661855607086569764e-01 0.000000000000000000e+00
6.662434255332039257e-01 0.000000000000000000e+00
6.662945932747902367e-01 0.000000000000000000e+00
6.663399422184569376e-01 0.000000000000000000e+00
6.663796921055303857e-01 0.000000000000000000e+00
6.664147901030200716e-01 0.000000000000000000e+00
6.664458744859925732e-01 0.000000000000000000e+00
6.664730334758217634e-01 0.000000000000000000e+00
6.664969704948230378e-01 0.000000000000000000e+00
6.665181490821895371e-01 0.000000000000000000e+00
6.665365985146065597e-01 0.000000000000000000e+00
