1.189632773641858821e+00 0.000000000000000000e+00
1.500955001444841175e+00 0.000000000000000000e+00
1.352097174803342572e+00 0.000000000000000000e+00
1.856050665998230986e+00 0.000000000000000000e+00
2.115111637543279688e+00 0.000000000000000000e+00
2.095235067438735221e+00 0.000000000000000000e+00
1.936119448386079522e+00 0.000000000000000000e+00
1.790011826298111286e+00 0.000000000000000000e+00
1.683233479785472664e+00 0.000000000000000000e+00
1.596055811328009000e+00 0.000000000000000000e+00
1.441670363163252588e+00 0.000000000000000000e+00
1.260667428035985971e+00 0.000000000000000000e+00
1.113282661089961767e+00 0.000000000000000000e+00
9.947944519343755454e-01 0.000000000000000000e+00
9.016352886810190537e-01 0.000000000000000000e+00
8.300727697378187386e-01 0.000000000000000000e+00
7.765052416027179438e-01 0.000000000000000000e+00
7.376259376945614177e-01 0.000000000000000000e+00
7.104993800945007543e-01 0.000000000000000000e+00
6.925830436553883640e-01 0.000000000000000000e+00
6.817170685976660094e-01 0.000000000000000000e+00
6.760968729870375782e-01 0.000000000000000000e+00
6.742378826145107862e-01 0.000000000000000000e+00
6.749378317372121128e-01 0.000000000000000000e+00
6.772396862718684796e-01 0.000000000000000000e+00
6.803967739302266837e-01 0.000000000000000000e+00
6.838408426373017157e-01 0.000000000000000000e+00
6.871532850404112880e-01 0.000000000000000000e+00
6.900395110382526731e-01 0.000000000000000000e+00
6.923063252827120762e-01 0.000000000000000000e+00
6.938421143374964295e-01 0.000000000000000000e+00
6.945996322546557078e-01 0.000000000000000000e+00
6.945811733422114775e-01 0.000000000000000000e+00
6.938259278954209686e-01 0.000000000000000000e+00
6.923993245718029765e-01 0.000000000000000000e+00
6.903841692533428942e-01 0.000000000000000000e+00
6.878733964410538304e-01 0.000000000000000000e+00
6.849642553105365073e-01 0.000000000000000000e+00
6.817536170646654181e-01 0.000000000000000000e+00
6.783347580326900550e-01 0.000000000000000000e+00
6.747950843004834054e-01 0.000000000000000000e+00
6.712143028923386323e-01 0.000000000000000000e+00
6.676628658663790183e-01 0.000000000000000000e+00
6.642014512680957106e-01 0.000000000000000000e+00
6.608809457935815868e-01 0.000000000000000000e+00
6.577427258299738400e-01 0.000000000000000000e+00
6.548191605434762197e-01 0.000000000000000000e+00
6.521342712983653200e-01 0.000000000000000000e+00
6.497044925494094292e-01 0.000000000000000000e+00
6.475394892184627160e-01 0.000000000000000000e+00
6.456429944939582333e-01 0.000000000000000000e+00
6.440136223573901253e-01 0.000000000000000000e+00
6.426457531967716408e-01 0.000000000000000000e+00
6.415301412879402809e-01 0.000000000000000000e+00
6.406547389299322992e-01 0.000000000000000000e+00
6.400053022105851586e-01 0.000000000000000000e+00
6.395659696704960595e-01 0.000000000000000000e+00
6.393197762176006105e-01 0.000000000000000000e+00
6.392491032115347194e-01 0.000000000000000000e+00
6.393360670683602143e-01 0.000000000000000000e+00
6.395628497264184142e-01 0.000000000000000000e+00
6.399119749178571182e-01 0.000000000000000000e+00
6.403665345989035806e-01 0.000000000000000000e+00
6.409103700293923289e-01 0.000000000000000000e+00
6.415282120648421182e-01 0.000000000000000000e+00
6.422057851056358624e-01 0.000000000000000000e+00
6.429298790239520445e-01 0.000000000000000000e+00
6.436883931456681696e-01 0.000000000000000000e+00
6.444703561430735750e-01 0.000000000000000000e+00
6.452659254027951485e-01 0.000000000000000000e+00
6.460663691677327458e-01 0.000000000000000000e+00
6.468640344661424901e-01 0.000000000000000000e+00
6.476523035563087616e-01 0.000000000000000000e+00
6.484255413518984490e-01 0.000000000000000000e+00
6.491790360250054848e-01 0.000000000000000000e+00
6.499089243763265245e-01 0.000000000000000000e+00
6.506121296762509276e-01 0.000000000000000000e+00
6.512863390232673799e-01 0.000000000000000000e+00
6.519298836748500525e-01 0.000000000000000000e+00
6.525416723517774020e-01 0.000000000000000000e+00
6.531211257639026879e-01 0.000000000000000000e+00
6.536681131644842546e-01 0.000000000000000000e+00
6.541828915968046498e-01 0.000000000000000000e+00
6.546660483491987259e-01 0.000000000000000000e+00
6.551184470051468756e-01 0.000000000000000000e+00
6.555411773597457081e-01 0.000000000000000000e+00
6.559355093726897401e-01 0.000000000000000000e+00
6.563028512400115311e-01 0.000000000000000000e+00
6.566447115913975896e-01 0.000000000000000000e+00
6.569626657560949656e-01 0.000000000000000000e+00
6.572583259873603367e-01 0.000000000000000000e+00
6.575333154922429202e-01 0.000000000000000000e+00
6.577892460793292040e-01 0.000000000000000000e+00
6.580276992110486445e-01 0.000000000000000000e+00
6.582502102284173429e-01 0.000000000000000000e+00
6.584582555038724916e-01 0.000000000000000000e+00
6.586532422709537871e-01 0.000000000000000000e+00
6.588365008782970378e-01 0.000000000000000000e+00
6.590092792172732583e-01 0.000000000000000000e+00
6.591727390788393315e-01 0.000000000000000000e+00
