1.247762841146406343e+00 0.000000000000000000e+00
1.460012922419271941e+00 0.000000000000000000e+00
1.762326777647703846e+00 0.000000000000000000e+00
1.951768616208431339e+00 0.000000000000000000e+00
2.040884184396615453e+00 0.000000000000000000e+00
2.048297816073494815e+00 0.000000000000000000e+00
1.994040404211046669e+00 0.000000000000000000e+00
1.897387374951546413e+00 0.000000000000000000e+00
1.775368547840346034e+00 0.000000000000000000e+00
1.641927379012152244e+00 0.000000000000000000e+00
1.507664214263631619e+00 0.000000000000000000e+00
1.380017288686658183e+00 0.000000000000000000e+00
1.263710174263891872e+00 0.000000000000000000e+00
1.161311536469676664e+00 0.000000000000000000e+00
1.073793980196594333e+00 0.000000000000000000e+00
1.001024882698888785e+00 0.000000000000000000e+00
9.421608306643103337e-01 0.000000000000000000e+00
8.959435405755796777e-01 0.000000000000000000e+00
8.609094402777105470e-01 0.000000000000000000e+00
8.355305291954779889e-01 0.000000000000000000e+00
8.183042024424668215e-01 0.000000000000000000e+00
8.078071887469832069e-01 0.000000000000000000e+00
8.027254004113684172e-01 0.000000000000000000e+00
8.018682852094562996e-01 0.000000000000000000e+00
8.041736093343537783e-01 0.000000000000000000e+00
8.087065759018303712e-01 0.000000000000000000e+00
8.146557341357913984e-01 0.000000000000000000e+00
8.213271468791090157e-01 0.000000000000000000e+00
8.281376418348523893e-01 0.000000000000000000e+00
8.346075752048638385e-01 0.000000000000000000e+00
8.403533074489260013e-01 0.000000000000000000e+00
8.450794724461321294e-01 0.000000000000000000e+00
8.485710726082681399e-01 0.000000000000000000e+00
8.506854250899177350e-01 0.000000000000000000e+00
8.513439987466598913e-01 0.000000000000000000e+00
8.505242048613599337e-01 0.000000000000000000e+00
8.482512283560135202e-01 0.000000000000000000e+00
8.445900049505198348e-01 0.000000000000000000e+00
8.396374606250256445e-01 0.000000000000000000e+00
8.335151316751414630e-01 0.000000000000000000e+00
8.263622768280589614e-01 0.000000000000000000e+00
8.183295784677431239e-01 0.000000000000000000e+00
8.095735097688566695e-01 0.000000000000000000e+00
8.002514205493764798e-01 0.000000000000000000e+00
7.905173690655189489e-01 0.000000000000000000e+00
7.805187017758392631e-01 0.000000000000000000e+00
7.703933599638007612e-01 0.000000000000000000e+00
7.602678722834399494e-01 0.000000000000000000e+00
7.502559765798330060e-01 0.000000000000000000e+00
7.404578030914269471e-01 0.000000000000000000e+00
7.309595443331349252e-01 0.000000000000000000e+00
7.218335342459263337e-01 0.000000000000000000e+00
7.131386600219905558e-01 0.000000000000000000e+00
7.049210336892528517e-01 0.000000000000000000e+00
6.972148563358324669e-01 0.000000000000000000e+00
6.900434150656610255e-01 0.000000000000000000e+00
6.834201607621425145e-01 0.000000000000000000e+00
6.773498229572521012e-01 0.000000000000000000e+00
6.718295261312604572e-01 0.000000000000000000e+00
6.668498792890524829e-01 0.000000000000000000e+00
6.623960174635054043e-01 0.000000000000000000e+00
6.584485797660475370e-01 0.000000000000000000e+00
6.549846136947771180e-01 0.000000000000000000e+00
6.519783996329517883e-01 0.000000000000000000e+00
6.494021928769233565e-01 0.000000000000000000e+00
6.472268831999206107e-01 0.000000000000000000e+00
6.454225739774482884e-01 0.000000000000000000e+00
6.439590843673487219e-01 0.000000000000000000e+00
6.428063790465687877e-01 0.000000000000000000e+00
6.419349306449123604e-01 0.000000000000000000e+00
6.413160203620134059e-01 0.000000000000000000e+00
6.409219823754833678e-01 0.000000000000000000e+00
6.407263976031674080e-01 0.000000000000000000e+00
6.407042422178612640e-01 0.000000000000000000e+00
6.408319960666187809e-01 0.000000000000000000e+00
6.410877158484917793e-01 0.000000000000000000e+00
6.414510775768053064e-01 0.000000000000000000e+00
6.419033925114646655e-01 0.000000000000000000e+00
6.424276004054699785e-01 0.000000000000000000e+00
6.430084851945956359e-01 0.000000000000000000e+00
6.436316159626426225e-01 0.000000000000000000e+00
6.442846201301825060e-01 0.000000000000000000e+00
6.449595510253647301e-01 0.000000000000000000e+00
6.456463229224648215e-01 0.000000000000000000e+00
6.463351906866603436e-01 0.000000000000000000e+00
6.470163167895123246e-01 0.000000000000000000e+00
6.476840994422474740e-01 0.000000000000000000e+00
6.483339042530921192e-01 0.000000000000000000e+00
6.489702834580226565e-01 0.000000000000000000e+00
6.495720600144027079e-01 0.000000000000000000e+00
6.501472240961607696e-01 0.000000000000000000e+00
6.506941876583963724e-01 0.000000000000000000e+00
6.512119490767486196e-01 0.000000000000000000e+00
6.517000210581750386e-01 0.000000000000000000e+00
6.521583624026647819e-01 0.000000000000000000e+00
6.525873138372187965e-01 0.000000000000000000e+00
6.529875381680911861e-01 0.000000000000000000e+00
6.533599649067973747e-01 0.000000000000000000e+00
6.537057394450493941e-01 0.000000000000000000e+00
6.540261767839036233e-01 0.000000000000000000e+00
