1.189632773641858821e+00 0.000000000000000000e+00
1.169237543171962157e+00 0.000000000000000000e+00
1.750031103515297559e+00 0.000000000000000000e+00
1.167193860058324484e+00 0.000000000000000000e+00
1.683528522596286159e+00 0.000000000000000000e+00
1.948865111995040422e+00 0.000000000000000000e+00
1.773598665264652707e+00 0.000000000000000000e+00
1.430154363779539750e+00 0.000000000000000000e+00
1.251199109709293822e+00 0.000000000000000000e+00
1.178125945797434238e+00 0.000000000000000000e+00
1.163212889303945285e+00 0.000000000000000000e+00
1.163294510335460830e+00 0.000000000000000000e+00
1.170726327972699821e+00 0.000000000000000000e+00
1.191941737697156611e+00 0.000000000000000000e+00
1.216857921141930809e+00 0.000000000000000000e+00
1.241021138587741213e+00 0.000000000000000000e+00
1.348288590132607379e+00 0.000000000000000000e+00
1.458905975082990469e+00 0.000000000000000000e+00
1.520616704565203925e+00 0.000000000000000000e+00
1.378427806278418544e+00 0.000000000000000000e+00
9.991516558307204088e-01 0.000000000000000000e+00
7.384315418308804446e-01 0.000000000000000000e+00
5.630350754738352448e-01 0.000000000000000000e+00
4.486582019557748269e-01 0.000000000000000000e+00
3.775129174447717784e-01 0.000000000000000000e+00
3.367650915723405802e-01 0.000000000000000000e+00
3.170615601770047642e-01 0.000000000000000000e+00
3.118756598022682236e-01 0.000000000000000000e+00
3.165097955153098885e-01 0.000000000000000000e+00
3.275721460843590283e-01 0.000000000000000000e+00
3.427338046918755321e-01 0.000000000000000000e+00
3.602557106347306637e-01 0.000000000000000000e+00
3.789540830287508877e-01 0.000000000000000000e+00
3.980113237324395814e-01 0.000000000000000000e+00
4.168731452294576201e-01 0.000000000000000000e+00
4.351738263018659625e-01 0.000000000000000000e+00
4.526819606711953159e-01 0.000000000000000000e+00
4.692611415779319728e-01 0.000000000000000000e+00
4.848415250388454778e-01 0.000000000000000000e+00
4.993993115362749258e-01 0.000000000000000000e+00
5.129419872447227302e-01 0.000000000000000000e+00
5.254854726653936936e-01 0.000000000000000000e+00
5.371010837683425354e-01 0.000000000000000000e+00
5.478186329189114190e-01 0.000000000000000000e+00
5.576919561333534281e-01 0.000000000000000000e+00
5.667762693393308959e-01 0.000000000000000000e+00
5.751264335996213450e-01 0.000000000000000000e+00
5.827958168741238509e-01 0.000000000000000000e+00
5.898355693366732488e-01 0.000000000000000000e+00
5.962830709145878760e-01 0.000000000000000000e+00
6.022110174739568889e-01 0.000000000000000000e+00
6.076445670116353837e-01 0.000000000000000000e+00
6.126238800926503414e-01 0.000000000000000000e+00
6.171861237205634731e-01 0.000000000000000000e+00
6.213656126450108896e-01 0.000000000000000000e+00
6.251820714309653804e-01 0.000000000000000000e+00
6.286936047020396101e-01 0.000000000000000000e+00
6.319082541169162015e-01 0.000000000000000000e+00
6.348511123159558123e-01 0.000000000000000000e+00
6.375451366018799471e-01 0.000000000000000000e+00
6.400113295031855110e-01 0.000000000000000000e+00
6.422689121508544652e-01 0.000000000000000000e+00
6.443354802354305244e-01 0.000000000000000000e+00
6.462271447780720823e-01 0.000000000000000000e+00
6.479586596168325219e-01 0.000000000000000000e+00
6.495435371650567502e-01 0.000000000000000000e+00
6.509941537386245702e-01 0.000000000000000000e+00
6.523218455491885948e-01 0.000000000000000000e+00
6.535369963045565278e-01 0.000000000000000000e+00
6.546426053575278292e-01 0.000000000000000000e+00
6.556632453656221493e-01 0.000000000000000000e+00
6.565966300243156750e-01 0.000000000000000000e+00
6.574503342482284074e-01 0.000000000000000000e+00
6.582312475501896909e-01 0.000000000000000000e+00
6.589456388729660885e-01 0.000000000000000000e+00
6.595992200431695096e-01 0.000000000000000000e+00
6.601972006765194356e-01 0.000000000000000000e+00
6.607443360972921065e-01 0.000000000000000000e+00
6.612449695593948240e-01 0.000000000000000000e+00
6.617030697431819375e-01 0.000000000000000000e+00
6.621222642743173070e-01 0.000000000000000000e+00
6.625058698452952477e-01 0.000000000000000000e+00
6.628569193987413621e-01 0.000000000000000000e+00
6.631747736573119223e-01 0.000000000000000000e+00
6.634702877979664626e-01 0.000000000000000000e+00
6.637403927646532420e-01 0.000000000000000000e+00
6.639873491048520204e-01 0.000000000000000000e+00
6.642132050484114147e-01 0.000000000000000000e+00
6.644198116671869991e-01 0.000000000000000000e+00
6.646088461198013109e-01 0.000000000000000000e+00
6.647818311615339981e-01 0.000000000000000000e+00
6.649401516092303677e-01 0.000000000000000000e+00
6.650824523080159922e-01 0.000000000000000000e+00
6.652162593490954512e-01 0.000000000000000000e+00
6.653384912369904036e-01 0.000000000000000000e+00
6.654502111389726249e-01 0.000000000000000000e+00
6.655523719830650498e-01 0.000000000000000000e+00
6.656458281189765458e-01 0.000000000000000000e+00
6.657313485749635218e-01 0.000000000000000000e+00
6.658073554077276190e-01 0.000000000000000000e+00
