1.190392316170918230e+00 0.000000000000000000e+00
1.166961576913428056e+00 0.000000000000000000e+00
1.742121377298947227e+00 0.000000000000000000e+00
1.544866957908499927e+00 0.000000000000000000e+00
1.404343781493071930e+00 0.000000000000000000e+00
1.679383184880724134e+00 0.000000000000000000e+00
1.108981877761965773e+00 0.000000000000000000e+00
1.099988724006164320e+00 0.000000000000000000e+00
1.123926619373577296e+00 0.000000000000000000e+00
1.134759382317521048e+00 0.000000000000000000e+00
1.188610869082003418e+00 0.000000000000000000e+00
1.319240160065659584e+00 0.000000000000000000e+00
1.416996966839700889e+00 0.000000000000000000e+00
1.490232086167956105e+00 0.000000000000000000e+00
1.545006336446217654e+00 0.000000000000000000e+00
1.586061543071279445e+00 0.000000000000000000e+00
1.615829858104458783e+00 0.000000000000000000e+00
1.637940433893150249e+00 0.000000000000000000e+00
1.653847408469204083e+00 0.000000000000000000e+00
1.642591157868110052e+00 0.000000000000000000e+00
1.654551951906281015e+00 0.000000000000000000e+00
1.634296954899731480e+00 0.000000000000000000e+00
1.626621823280406609e+00 0.000000000000000000e+00
1.570197398297287883e+00 0.000000000000000000e+00
8.095382187968018783e-01 0.000000000000000000e+00
2.622535452058585292e-01 0.000000000000000000e+00
2.162515889483143106e-01 0.000000000000000000e+00
1.997134367929590537e-01 0.000000000000000000e+00
1.989887605298024109e-01 0.000000000000000000e+00
2.032085111393401311e-01 0.000000000000000000e+00
2.098746860620197552e-01 0.000000000000000000e+00
2.129884404102126982e-01 0.000000000000000000e+00
2.180672306584231501e-01 0.000000000000000000e+00
2.227463572475550935e-01 0.000000000000000000e+00
2.311123552611786813e-01 0.000000000000000000e+00
2.424677828404330215e-01 0.000000000000000000e+00
2.550262464318479028e-01 0.000000000000000000e+00
2.726852454923188174e-01 0.000000000000000000e+00
3.287938615821024424e-01 0.000000000000000000e+00
3.788090190926665102e-01 0.000000000000000000e+00
4.225606106944517770e-01 0.000000000000000000e+00
4.603472493078463734e-01 0.000000000000000000e+00
4.926903979551255919e-01 0.000000000000000000e+00
5.202008434052222130e-01 0.000000000000000000e+00
5.434939298977197186e-01 0.000000000000000000e+00
5.631523902851309771e-01 0.000000000000000000e+00
5.797057709762191147e-01 0.000000000000000000e+00
5.936217179487757178e-01 0.000000000000000000e+00
6.053088298871874828e-01 0.000000000000000000e+00
6.151181516650963133e-01 0.000000000000000000e+00
6.233484655275026709e-01 0.000000000000000000e+00
6.302532944340066834e-01 0.000000000000000000e+00
6.360471758586289104e-01 0.000000000000000000e+00
6.409097479111899309e-01 0.000000000000000000e+00
6.449920714273086331e-01 0.000000000000000000e+00
6.484206979088079636e-01 0.000000000000000000e+00
6.513015449977611615e-01 0.000000000000000000e+00
6.537232164247437360e-01 0.000000000000000000e+00
6.557598204318179080e-01 0.000000000000000000e+00
6.574733473159334318e-01 0.000000000000000000e+00
6.589156940257924200e-01 0.000000000000000000e+00
6.601301958567667993e-01 0.000000000000000000e+00
6.611532855296194944e-01 0.000000000000000000e+00
6.620154323337035240e-01 0.000000000000000000e+00
6.627421659243163399e-01 0.000000000000000000e+00
6.633549697962810576e-01 0.000000000000000000e+00
6.638718217853427639e-01 0.000000000000000000e+00
6.643077909085675081e-01 0.000000000000000000e+00
6.646757240201036643e-01 0.000000000000000000e+00
6.649861468348227111e-01 0.000000000000000000e+00
6.652482605181443409e-01 0.000000000000000000e+00
6.654694056141174929e-01 0.000000000000000000e+00
6.656562354114781144e-01 0.000000000000000000e+00
6.658138228111825097e-01 0.000000000000000000e+00
6.659468899704257261e-01 0.000000000000000000e+00
6.660594238638716247e-01 0.000000000000000000e+00
6.661542243748930225e-01 0.000000000000000000e+00
6.662342837818795438e-01 0.000000000000000000e+00
6.663018843282955128e-01 0.000000000000000000e+00
6.663592128461064412e-01 0.000000000000000000e+00
6.664072814848138737e-01 0.000000000000000000e+00
6.664478768165340572e-01 0.000000000000000000e+00
6.664817889461701617e-01 0.000000000000000000e+00
6.665108432193987964e-01 0.000000000000000000e+00
6.665353017569882743e-01 0.000000000000000000e+00
6.665558807143531217e-01 0.000000000000000000e+00
6.665731765629162586e-01 0.000000000000000000e+00
6.665869953605183529e-01 0.000000000000000000e+00
6.666038782643785021e-01 0.000000000000000000e+00
6.666093073343921649e-01 0.000000000000000000e+00
6.666197634557432528e-01 0.000000000000000000e+00
6.666283034370158456e-01 0.000000000000000000e+00
6.666351772397448583e-01 0.000000000000000000e+00
6.666426344304229312e-01 0.000000000000000000e+00
6.666462670583144234e-01 0.000000000000000000e+00
6.666492633730458639e-01 0.000000000000000000e+00
6.666518154695154630e-01 0.000000000000000000e+00
6.666539927780351649e-01 0.000000000000000000e+00
6.666558511910763984e-01 0.000000000000000000e+00
6.666574380560175150e-01 0.000000000000000000e+00
