1.185142860716914548e+00 0.000000000000000000e+00
1.579108075296758340e+00 0.000000000000000000e+00
1.883008963376132439e+00 0.000000000000000000e+00
2.060599145884677519e+00 0.000000000000000000e+00
2.103751632623396706e+00 0.000000000000000000e+00
2.074492391501332467e+00 0.000000000000000000e+00
1.997800144624942931e+00 0.000000000000000000e+00
1.911580893002796433e+00 0.000000000000000000e+00
1.775486505947372784e+00 0.000000000000000000e+00
1.624130532695209794e+00 0.000000000000000000e+00
1.477234793513800160e+00 0.000000000000000000e+00
1.341820285980488858e+00 0.000000000000000000e+00
1.221879915336220979e+00 0.000000000000000000e+00
1.119131866872556280e+00 0.000000000000000000e+00
1.033710276730396505e+00 0.000000000000000000e+00
9.647308798869240754e-01 0.000000000000000000e+00
9.107172021182294852e-01 0.000000000000000000e+00
8.699006204064899661e-01 0.000000000000000000e+00
8.404192687263682959e-01 0.000000000000000000e+00
8.204397549321867933e-01 0.000000000000000000e+00
8.082403663948045658e-01 0.000000000000000000e+00
8.022324016214515963e-01 0.000000000000000000e+00
8.009919596536814179e-01 0.000000000000000000e+00
8.032523841130886355e-01 0.000000000000000000e+00
8.079154906789360879e-01 0.000000000000000000e+00
8.140354304653054651e-01 0.000000000000000000e+00
8.208129033126647656e-01 0.000000000000000000e+00
8.275858336615126154e-01 0.000000000000000000e+00
8.338195796034733043e-01 0.000000000000000000e+00
8.390968651405109613e-01 0.000000000000000000e+00
8.431074921210808260e-01 0.000000000000000000e+00
8.456378471870998892e-01 0.000000000000000000e+00
8.465602295600176408e-01 0.000000000000000000e+00
8.458220602976955771e-01 0.000000000000000000e+00
8.434350749161315663e-01 0.000000000000000000e+00
8.394646377275044591e-01 0.000000000000000000e+00
8.340193413401854050e-01 0.000000000000000000e+00
8.272410654061366220e-01 0.000000000000000000e+00
8.192956643917155279e-01 0.000000000000000000e+00
8.103644363054121058e-01 0.000000000000000000e+00
8.006364956662235244e-01 0.000000000000000000e+00
7.903021380199100054e-01 0.000000000000000000e+00
7.795472437372922281e-01 0.000000000000000000e+00
7.685487292052070041e-01 0.000000000000000000e+00
7.574710168752523121e-01 0.000000000000000000e+00
7.464634642622618443e-01 0.000000000000000000e+00
7.356586673477213401e-01 0.000000000000000000e+00
7.251715365908382172e-01 0.000000000000000000e+00
7.150990338115886802e-01 0.000000000000000000e+00
7.055204549524833890e-01 0.000000000000000000e+00
6.964981461310658650e-01 0.000000000000000000e+00
6.880785472374316702e-01 0.000000000000000000e+00
6.802934673312733826e-01 0.000000000000000000e+00
6.731615080395759732e-01 0.000000000000000000e+00
6.666895639880600077e-01 0.000000000000000000e+00
6.608743421525457018e-01 0.000000000000000000e+00
6.557038542387577662e-01 0.000000000000000000e+00
6.511588473434440916e-01 0.000000000000000000e+00
6.472141479500339578e-01 0.000000000000000000e+00
6.438399026518412116e-01 0.000000000000000000e+00
6.410027058734015792e-01 0.000000000000000000e+00
6.386666103559924812e-01 0.000000000000000000e+00
6.367940204191716580e-01 0.000000000000000000e+00
6.353464711670883114e-01 0.000000000000000000e+00
6.342852990468185181e-01 0.000000000000000000e+00
6.335722106529561026e-01 0.000000000000000000e+00
6.331698643930576687e-01 0.000000000000000000e+00
6.330418235645298708e-01 0.000000000000000000e+00
6.331535331644841946e-01 0.000000000000000000e+00
6.334721133070633226e-01 0.000000000000000000e+00
6.339666527085305869e-01 0.000000000000000000e+00
6.346083354342221261e-01 0.000000000000000000e+00
6.353705203713241323e-01 0.000000000000000000e+00
6.362287798185060073e-01 0.000000000000000000e+00
6.371609030277095576e-01 0.000000000000000000e+00
6.381468700195219723e-01 0.000000000000000000e+00
6.391688005024132035e-01 0.000000000000000000e+00
6.402108822628529428e-01 0.000000000000000000e+00
6.412592829602350442e-01 0.000000000000000000e+00
6.423020488577732001e-01 0.000000000000000000e+00
6.433289936469910320e-01 0.000000000000000000e+00
6.443315801772131479e-01 0.000000000000000000e+00
6.453027975804440652e-01 0.000000000000000000e+00
6.462370359840379219e-01 0.000000000000000000e+00
6.471299607266406406e-01 0.000000000000000000e+00
6.479783877353491039e-01 0.000000000000000000e+00
6.487801614824831864e-01 0.000000000000000000e+00
6.495340367177826479e-01 0.000000000000000000e+00
6.502395649654106879e-01 0.000000000000000000e+00
6.508969865843330371e-01 0.000000000000000000e+00
6.515071290150811212e-01 0.000000000000000000e+00
6.520713116752904215e-01 0.000000000000000000e+00
6.525912578205637082e-01 0.000000000000000000e+00
6.530690135558957499e-01 0.000000000000000000e+00
6.535068740658936948e-01 0.000000000000000000e+00
6.539073170290178316e-01 0.000000000000000000e+00
6.542729430916749411e-01 0.000000000000000000e+00
6.546064232017232420e-01 0.000000000000000000e+00
6.549104525372370089e-01 0.000000000000000000e+00
6.551877107145360757e-01 0.000000000000000000e+00
