1.346755796533460225e+00 0.000000000000000000e+00
1.426676312266109470e+00 0.000000000000000000e+00
1.729806660958208120e+00 0.000000000000000000e+00
1.923668172668688170e+00 0.000000000000000000e+00
2.019396987446275382e+00 0.000000000000000000e+00
2.034401674806797899e+00 0.000000000000000000e+00
1.987726913911499249e+00 0.000000000000000000e+00
1.897926797151069156e+00 0.000000000000000000e+00
1.781582466663579334e+00 0.000000000000000000e+00
1.652435578217442469e+00 0.000000000000000000e+00
1.521080167659374816e+00 0.000000000000000000e+00
1.395081590361045176e+00 0.000000000000000000e+00
1.279364846358271635e+00 0.000000000000000000e+00
1.176726911064221781e+00 0.000000000000000000e+00
1.088363048750307982e+00 0.000000000000000000e+00
1.014338988831106958e+00 0.000000000000000000e+00
9.539773831567035511e-01 0.000000000000000000e+00
9.061527522428769466e-01 0.000000000000000000e+00
8.695039573810641187e-01 0.000000000000000000e+00
8.425795710956071050e-01 0.000000000000000000e+00
8.239324521380916311e-01 0.000000000000000000e+00
8.121840976101980525e-01 0.000000000000000000e+00
8.060384742258762669e-01 0.000000000000000000e+00
8.043200210112989579e-01 0.000000000000000000e+00
8.059672847269006013e-01 0.000000000000000000e+00
8.100520674407704069e-01 0.000000000000000000e+00
8.157567856685764562e-01 0.000000000000000000e+00
8.223766146012841949e-01 0.000000000000000000e+00
8.293136484995607960e-01 0.000000000000000000e+00
8.360703892920446911e-01 0.000000000000000000e+00
8.422429063504029978e-01 0.000000000000000000e+00
8.475137721174991201e-01 0.000000000000000000e+00
8.516448138014574010e-01 0.000000000000000000e+00
8.544697026877013935e-01 0.000000000000000000e+00
8.558864097319688335e-01 0.000000000000000000e+00
8.558495754131860700e-01 0.000000000000000000e+00
8.543628642892847624e-01 0.000000000000000000e+00
8.514713944960203840e-01 0.000000000000000000e+00
8.472543461179110613e-01 0.000000000000000000e+00
8.418178582739442861e-01 0.000000000000000000e+00
8.352883225626801522e-01 0.000000000000000000e+00
8.278061708474029334e-01 0.000000000000000000e+00
8.195202395578918830e-01 0.000000000000000000e+00
8.105827724758567498e-01 0.000000000000000000e+00
8.011451012591879195e-01 0.000000000000000000e+00
7.913540196072317290e-01 0.000000000000000000e+00
7.813488446320885350e-01 0.000000000000000000e+00
7.712591390153482607e-01 0.000000000000000000e+00
7.612030508474152413e-01 0.000000000000000000e+00
7.512862152207118172e-01 0.000000000000000000e+00
7.416011528593439150e-01 0.000000000000000000e+00
7.322270961796948363e-01 0.000000000000000000e+00
7.232301718109022115e-01 0.000000000000000000e+00
7.146638702196402848e-01 0.000000000000000000e+00
7.065697370540628963e-01 0.000000000000000000e+00
6.989782265009520934e-01 0.000000000000000000e+00
6.919096637259646299e-01 0.000000000000000000e+00
6.853752707962460500e-01 0.000000000000000000e+00
6.793782179155647416e-01 0.000000000000000000e+00
6.739146689824520031e-01 0.000000000000000000e+00
6.689747971566092355e-01 0.000000000000000000e+00
6.645437521230641575e-01 0.000000000000000000e+00
6.606025659875829348e-01 0.000000000000000000e+00
6.571289891928804305e-01 0.000000000000000000e+00
6.540982515310947987e-01 0.000000000000000000e+00
6.514837462945242130e-01 0.000000000000000000e+00
6.492576379245129647e-01 0.000000000000000000e+00
6.473913952691991991e-01 0.000000000000000000e+00
6.458586441175937498e-01 0.000000000000000000e+00
6.446278577364003004e-01 0.000000000000000000e+00
6.436710196280260865e-01 0.000000000000000000e+00
6.429608702903774065e-01 0.000000000000000000e+00
6.424711350913577812e-01 0.000000000000000000e+00
6.421767046742744567e-01 0.000000000000000000e+00
6.420537733767542887e-01 0.000000000000000000e+00
6.420799404571559954e-01 0.000000000000000000e+00
6.422342786391314062e-01 0.000000000000000000e+00
6.424973741759925083e-01 0.000000000000000000e+00
6.428513423173393138e-01 0.000000000000000000e+00
6.432798217413649988e-01 0.000000000000000000e+00
6.437679512046861063e-01 0.000000000000000000e+00
6.443023313621130121e-01 0.000000000000000000e+00
6.448709744243120712e-01 0.000000000000000000e+00
6.454632440533313309e-01 0.000000000000000000e+00
6.460697876449055244e-01 0.000000000000000000e+00
6.466824629123147927e-01 0.000000000000000000e+00
6.472942604687558221e-01 0.000000000000000000e+00
6.478992239030089140e-01 0.000000000000000000e+00
6.484923686558718980e-01 0.000000000000000000e+00
6.490696008315032239e-01 0.000000000000000000e+00
6.496276369177459431e-01 0.000000000000000000e+00
6.501639202858345845e-01 0.000000000000000000e+00
6.506770685735303594e-01 0.000000000000000000e+00
6.511669086120264183e-01 0.000000000000000000e+00
6.516305202654780748e-01 0.000000000000000000e+00
6.520675727770868235e-01 0.000000000000000000e+00
6.524781720870652668e-01 0.000000000000000000e+00
6.528627406051282778e-01 0.000000000000000000e+00
6.532219656224178550e-01 0.000000000000000000e+00
6.535567518391419695e-01 0.000000000000000000e+00
