1.190392316170918230e+00 0.000000000000000000e+00
1.152298443242134596e+00 0.000000000000000000e+00
1.587937268576073091e+00 0.000000000000000000e+00
1.168092697480173303e+00 0.000000000000000000e+00
1.351698182876004850e+00 0.000000000000000000e+00
1.920339943469763000e+00 0.000000000000000000e+00
1.997888829363328345e+00 0.000000000000000000e+00
1.636957177990619128e+00 0.000000000000000000e+00
1.431642764225456332e+00 0.000000000000000000e+00
1.312709492375420339e+00 0.000000000000000000e+00
1.241175441230950138e+00 0.000000000000000000e+00
1.196418920376289607e+00 0.000000000000000000e+00
1.167024796834352340e+00 0.000000000000000000e+00
1.152531686202899586e+00 0.000000000000000000e+00
1.150044964590782648e+00 0.000000000000000000e+00
1.151288372017076345e+00 0.000000000000000000e+00
1.209752569446841397e+00 0.000000000000000000e+00
1.319040703511931589e+00 0.000000000000000000e+00
1.377073087595090950e+00 0.000000000000000000e+00
1.081259073208975297e+00 0.000000000000000000e+00
8.665444752672718520e-01 0.000000000000000000e+00
7.119095304675816527e-01 0.000000000000000000e+00
6.020385660471530009e-01 0.000000000000000000e+00
5.255010832837339052e-01 0.000000000000000000e+00
4.737392414204645297e-01 0.000000000000000000e+00
4.403433777415320383e-01 0.000000000000000000e+00
4.204667283569957781e-01 0.000000000000000000e+00
4.104950511215825215e-01 0.000000000000000000e+00
4.077066956199647541e-01 0.000000000000000000e+00
4.100573723633323397e-01 0.000000000000000000e+00
4.160144415002546836e-01 0.000000000000000000e+00
4.244320384431661264e-01 0.000000000000000000e+00
4.344567826941960198e-01 0.000000000000000000e+00
4.455304992291049815e-01 0.000000000000000000e+00
4.570024131958269065e-01 0.000000000000000000e+00
4.686584506619821400e-01 0.000000000000000000e+00
4.802511985537105677e-01 0.000000000000000000e+00
4.916057459501103066e-01 0.000000000000000000e+00
5.026016069446631596e-01 0.000000000000000000e+00
5.131589715822781894e-01 0.000000000000000000e+00
5.232282641072206752e-01 0.000000000000000000e+00
5.327822243733270069e-01 0.000000000000000000e+00
5.418099135567034930e-01 0.000000000000000000e+00
5.509227556997174924e-01 0.000000000000000000e+00
5.586368723841972361e-01 0.000000000000000000e+00
5.659334038795761357e-01 0.000000000000000000e+00
5.728096437627323567e-01 0.000000000000000000e+00
5.792702349669517359e-01 0.000000000000000000e+00
5.853253949635058850e-01 0.000000000000000000e+00
5.909891887198782667e-01 0.000000000000000000e+00
5.962782221909577185e-01 0.000000000000000000e+00
6.012106606917561047e-01 0.000000000000000000e+00
6.058054972289386164e-01 0.000000000000000000e+00
6.100820124913735043e-01 0.000000000000000000e+00
6.140593812831469656e-01 0.000000000000000000e+00
6.177563904422108676e-01 0.000000000000000000e+00
6.211912413045136416e-01 0.000000000000000000e+00
6.243814160153239312e-01 0.000000000000000000e+00
6.273435918323346794e-01 0.000000000000000000e+00
6.300935913094073415e-01 0.000000000000000000e+00
6.326463591345735660e-01 0.000000000000000000e+00
6.350159586107223531e-01 0.000000000000000000e+00
6.372155824620583386e-01 0.000000000000000000e+00
6.392575739417851732e-01 0.000000000000000000e+00
6.411534551990185626e-01 0.000000000000000000e+00
6.429139606078675406e-01 0.000000000000000000e+00
6.445490733251432180e-01 0.000000000000000000e+00
6.460680637687695738e-01 0.000000000000000000e+00
6.474795290302706174e-01 0.000000000000000000e+00
6.487914324773986774e-01 0.000000000000000000e+00
6.500111429867263535e-01 0.000000000000000000e+00
6.511454733857360289e-01 0.000000000000000000e+00
6.522007177908122344e-01 0.000000000000000000e+00
6.531826876100073065e-01 0.000000000000000000e+00
6.540967460437234759e-01 0.000000000000000000e+00
6.549478409671311008e-01 0.000000000000000000e+00
6.557405361186191550e-01 0.000000000000000000e+00
6.564790405512432869e-01 0.000000000000000000e+00
6.571672363308066478e-01 0.000000000000000000e+00
6.578087044861042898e-01 0.000000000000000000e+00
6.584067492349228168e-01 0.000000000000000000e+00
6.589644205242295438e-01 0.000000000000000000e+00
6.594845349351305952e-01 0.000000000000000000e+00
6.599696950129402273e-01 0.000000000000000000e+00
6.604223070903862958e-01 0.000000000000000000e+00
6.608445976778133391e-01 0.000000000000000000e+00
6.612386284983983176e-01 0.000000000000000000e+00
6.616063102490787884e-01 0.000000000000000000e+00
6.619494151692408845e-01 0.000000000000000000e+00
6.622695884994042048e-01 0.000000000000000000e+00
6.625683589113083860e-01 0.000000000000000000e+00
6.628471479891010487e-01 0.000000000000000000e+00
6.631072788388924222e-01 0.000000000000000000e+00
6.633499839009080468e-01 0.000000000000000000e+00
6.635764120349558759e-01 0.000000000000000000e+00
6.637876349460627434e-01 0.000000000000000000e+00
6.639846530130107949e-01 0.000000000000000000e+00
6.641684005782340083e-01 0.000000000000000000e+00
6.643397507531920709e-01 0.000000000000000000e+00
6.644995197889965732e-01 0.000000000000000000e+00
