1.189632773642673502e+00 0.000000000000000000e+00
1.411548655860482615e+00 0.000000000000000000e+00
1.249739081529590123e+00 0.000000000000000000e+00
1.829821372436617910e+00 0.000000000000000000e+00
2.096381709387193926e+00 0.000000000000000000e+00
2.019098597217841018e+00 0.000000000000000000e+00
1.897127970866283153e+00 0.000000000000000000e+00
1.792662518392038162e+00 0.000000000000000000e+00
1.705171420040377361e+00 0.000000000000000000e+00
1.514232639417195880e+00 0.000000000000000000e+00
1.326602922858845179e+00 0.000000000000000000e+00
1.175334038944583437e+00 0.000000000000000000e+00
1.056737060952572360e+00 0.000000000000000000e+00
9.683583619138297349e-01 0.000000000000000000e+00
9.094351518031895676e-01 0.000000000000000000e+00
8.819202392272973423e-01 0.000000000000000000e+00
9.973535517103344628e-01 0.000000000000000000e+00
2.850351304213875281e+00 0.000000000000000000e+00
1.786496844379323363e+02 3.804137625178330381e+03
3.256031051727557771e+33 7.852095991453905130e+35
nan inf
nan nan
nan nan
nan nan
nan nan
nan nan
nan nan
nan nan
nan nan
nan nan
nan nan
nan nan
nan nan
nan nan
nan nan
nan nan
nan nan
nan nan
nan nan
nan nan
nan nan
nan nan
nan nan
nan nan
nan nan
nan nan
nan nan
nan nan
nan nan
nan nan
nan nan
nan nan
nan nan
nan nan
nan nan
nan nan
nan nan
nan nan
nan nan
nan nan
nan nan
nan nan
nan nan
nan nan
nan nan
nan nan
nan nan
nan nan
nan nan
nan nan
nan nan
nan nan
nan nan
nan nan
nan nan
nan nan
nan nan
nan nan
nan nan
nan nan
nan nan
nan nan
nan nan
nan nan
nan nan
nan nan
nan nan
nan nan
nan nan
nan nan
nan nan
nan nan
nan nan
nan nan
nan nan
nan nan
nan nan
nan nan
nan nan
nan nan
