1.133333408256883557e+00 0.000000000000000000e+00
1.287399655868862292e+00 0.000000000000000000e+00
1.387086477475296231e+00 0.000000000000000000e+00
1.450756956423406852e+00 0.000000000000000000e+00
1.491874878204994204e+00 0.000000000000000000e+00
1.519344084446693888e+00 0.000000000000000000e+00
1.538087372402419328e+00 0.000000000000000000e+00
1.549785853602434260e+00 0.000000000000000000e+00
1.553968603858228104e+00 0.000000000000000000e+00
1.549237058316895732e+00 0.000000000000000000e+00
1.534321508763286657e+00 0.000000000000000000e+00
1.508836814934145343e+00 0.000000000000000000e+00
1.473451320087014516e+00 0.000000000000000000e+00
1.429812693215127162e+00 0.000000000000000000e+00
1.380095353729647423e+00 0.000000000000000000e+00
1.326643969837628223e+00 0.000000000000000000e+00
1.271534856933560720e+00 0.000000000000000000e+00
1.216388026425908375e+00 0.000000000000000000e+00
1.162329718373560583e+00 0.000000000000000000e+00
1.110069054537955902e+00 0.000000000000000000e+00
1.060025420279216535e+00 0.000000000000000000e+00
1.012458364569304381e+00 0.000000000000000000e+00
9.675727932390889574e-01 0.000000000000000000e+00
9.255904995861938822e-01 0.000000000000000000e+00
8.867902337332560503e-01 0.000000000000000000e+00
8.515232131175833885e-01 0.000000000000000000e+00
8.202115837594441405e-01 0.000000000000000000e+00
7.933360636537387656e-01 0.000000000000000000e+00
7.714172579860874013e-01 0.000000000000000000e+00
7.549936204211932234e-01 0.000000000000000000e+00
7.445979740974849603e-01 0.000000000000000000e+00
7.407337904054382971e-01 0.000000000000000000e+00
7.438523468139992545e-01 0.000000000000000000e+00
7.543312571519684706e-01 0.000000000000000000e+00
7.724556825569426355e-01 0.000000000000000000e+00
7.984026892705138323e-01 0.000000000000000000e+00
8.322295958537406779e-01 0.000000000000000000e+00
8.738670003630997218e-01 0.000000000000000000e+00
9.231168555023652189e-01 0.000000000000000000e+00
9.796555600547638409e-01 0.000000000000000000e+00
1.043041560070455676e+00 0.000000000000000000e+00
1.112726471159680486e+00 0.000000000000000000e+00
1.188068342923230825e+00 0.000000000000000000e+00
1.268345492249141060e+00 0.000000000000000000e+00
1.352769412312002428e+00 0.000000000000000000e+00
1.440495640629673169e+00 0.000000000000000000e+00
1.530632089106454874e+00 0.000000000000000000e+00
1.622245076192658786e+00 0.000000000000000000e+00
1.714363988054607324e+00 0.000000000000000000e+00
1.805985970356387194e+00 0.000000000000000000e+00
1.896082212376304810e+00 0.000000000000000000e+00
2.149044407581517824e+00 0.000000000000000000e+00
2.313649776273033698e+00 0.000000000000000000e+00
2.395459534318276518e+00 0.000000000000000000e+00
2.419595314532426489e+00 0.000000000000000000e+00
2.414460121897083589e+00 0.000000000000000000e+00
2.395288996444121743e+00 0.000000000000000000e+00
2.365145935912408959e+00 0.000000000000000000e+00
2.341095485107420160e+00 0.000000000000000000e+00
2.324629384814542288e+00 0.000000000000000000e+00
2.306649267670606740e+00 9.719429393831635622e-03
2.289499848888866040e+00 1.700289510371577606e-02
2.273005576321591725e+00 2.369228403885292877e-02
2.260376978975027207e+00 8.766270714889223825e-02
2.250321595961816801e+00 1.146490007773879327e-01
2.245348752586772356e+00 2.231347190232755295e-01
2.245601203948745184e+00 3.041657993038398011e-01
2.251899579469986534e+00 3.692527132573211190e-01
2.264527496190947176e+00 4.240544586484853440e-01
2.284131212896593155e+00 4.821870138395696337e-01
2.311509793535960977e+00 5.434192993429638463e-01
2.347529769644961739e+00 6.064755262310819184e-01
2.392546512988529273e+00 6.702094122343953408e-01
2.447442766383810309e+00 7.335738611356070749e-01
2.513080091910426361e+00 7.950619202541866493e-01
2.587966681842408967e+00 8.525877551554521538e-01
2.681998196254467004e+00 9.236258156154124599e-01
2.801492333370199539e+00 1.139334029457129915e+00
2.948658340187600757e+00 1.322050158524870955e+00
3.126629911646122473e+00 1.438050264930428757e+00
3.342195631873516426e+00 1.450439676453916693e+00
3.599833979199870804e+00 1.325243752157127197e+00
3.902046933623416258e+00 1.022954281078782834e+00
4.242167837339946956e+00 4.998545738280411044e-01
4.612458254413145831e+00 2.779291922909186141e-01
5.004552888216491802e+00 9.025705919471338490e-02
5.382008785623318303e+00 0.000000000000000000e+00
5.674614640640108121e+00 0.000000000000000000e+00
5.814529510249037969e+00 8.673569388095283550e-01
5.739260787987315204e+00 1.060112191330330855e+00
5.409207336232896957e+00 5.890590572721269069e+00
4.708835952455479479e+00 6.715072756197669079e+00
3.780721932136981600e+00 6.755575967001357540e+00
2.878477349351487469e+00 6.324976462452962522e+00
2.152068703837003660e+00 5.536775539489213749e+00
1.597010594393071026e+00 4.583689807065322697e+00
1.174084601650183357e+00 3.626622739756043323e+00
8.458599422060724127e-01 2.747397452412668528e+00
5.853239451664462578e-01 1.979154195138449701e+00
3.754722590685001249e-01 1.329667132940465901e+00
2.062796314571806455e-01 7.938088053838638913e-01
8.284580241176076054e-02 3.597907893521248290e-01
1.482243080034095772e-02 1.257752572465031804e-02
0.000000000000000000e+00 0.000000000000000000e+00
0.000000000000000000e+00 0.000000000000000000e+00
0.000000000000000000e+00 0.000000000000000000e+00
0.000000000000000000e+00 0.000000000000000000e+00
0.000000000000000000e+00 0.000000000000000000e+00
8.151112022917572641e-03 0.000000000000000000e+00
6.318162531189758235e-02 0.000000000000000000e+00
3.968195743156138766e-02 0.000000000000000000e+00
1.290717588468013877e-01 0.000000000000000000e+00
2.266423202265887005e-01 0.000000000000000000e+00
2.244633672573456140e-01 0.000000000000000000e+00
2.081043694774374897e-01 0.000000000000000000e+00
1.977727490974784397e-01 0.000000000000000000e+00
1.628006421409594062e-01 0.000000000000000000e+00
2.220280161266898755e-01 0.000000000000000000e+00
3.060644712688310731e-01 0.000000000000000000e+00
3.849098729760611626e-01 0.000000000000000000e+00
4.453488988792611014e-01 2.262337420589273229e-01
5.001102447492313807e-01 7.183693186026274269e-01
5.542785935175396084e-01 1.345461667543356832e+00
6.116275389064289580e-01 1.184827938116767232e+00
7.045946826634392757e-01 3.384881841421024440e+00
8.409501107490597871e-01 6.819114942522961798e+00
1.052605280908475605e+00 1.072291163090112498e+01
1.381321121555738607e+00 1.609848562081241141e+01
2.112466499793060670e+00 2.476646309649078503e+01
3.871399536146032716e+00 4.072530802739942146e+01
1.823410893981444758e+01 8.653649110171551229e+01
2.106818077321605980e+08 1.503026150659876764e+08
nan nan
nan nan
nan nan
nan nan
nan nan
nan nan
nan nan
nan nan
nan nan
nan nan
nan nan
nan nan
nan nan
nan nan
nan nan
nan nan
nan nan
nan nan
nan nan
nan nan
nan nan
nan nan
nan nan
nan nan
nan nan
nan nan
nan nan
nan nan
nan nan
nan nan
nan nan
nan nan
nan nan
nan nan
nan nan
nan nan
nan nan
nan nan
nan nan
nan nan
nan nan
nan nan
nan nan
nan nan
nan nan
nan nan
nan nan
nan nan
nan nan
nan nan
nan nan
nan nan
nan nan
nan nan
nan nan
nan nan
nan nan
nan nan
nan nan
nan nan
nan nan
nan nan
nan nan
nan nan
nan nan
nan nan
nan nan
nan nan
