1.341106540622155618e+00 0.000000000000000000e+00
1.321912862390417054e+00 0.000000000000000000e+00
1.385175599158703363e+00 0.000000000000000000e+00
1.184974427112677864e+00 0.000000000000000000e+00
1.536489040226852065e+00 0.000000000000000000e+00
1.962288072353201462e+00 0.000000000000000000e+00
2.106822368648697985e+00 0.000000000000000000e+00
2.163832779608370060e+00 0.000000000000000000e+00
1.421358523693447395e+00 0.000000000000000000e+00
1.138927000480872698e+00 0.000000000000000000e+00
1.151137162401840719e+00 0.000000000000000000e+00
1.157402593586834172e+00 0.000000000000000000e+00
1.160454881128724081e+00 0.000000000000000000e+00
1.165504267354874335e+00 0.000000000000000000e+00
1.163666340680218125e+00 0.000000000000000000e+00
1.162128808311759354e+00 0.000000000000000000e+00
1.259616346032859324e+00 0.000000000000000000e+00
1.434577648947829021e+00 0.000000000000000000e+00
1.583367117410200642e+00 0.000000000000000000e+00
1.699704435049512075e+00 0.000000000000000000e+00
1.780046371495672908e+00 0.000000000000000000e+00
1.795627755465405428e+00 0.000000000000000000e+00
1.569544388938629798e+00 0.000000000000000000e+00
9.841527592469981878e-01 0.000000000000000000e+00
5.614496129924342327e-01 0.000000000000000000e+00
3.102179896040707652e-01 0.000000000000000000e+00
2.398618392487783524e-01 0.000000000000000000e+00
1.906495320461639720e-01 0.000000000000000000e+00
1.612964238440875442e-01 0.000000000000000000e+00
1.486137759575106854e-01 0.000000000000000000e+00
1.487404154139187473e-01 0.000000000000000000e+00
1.579010809418513461e-01 0.000000000000000000e+00
1.727861702114694697e-01 0.000000000000000000e+00
1.907409332561549320e-01 0.000000000000000000e+00
2.097751488408045040e-01 0.000000000000000000e+00
2.284974767579868171e-01 0.000000000000000000e+00
2.819681082023902663e-01 0.000000000000000000e+00
3.327518823870861953e-01 0.000000000000000000e+00
3.779210401508149020e-01 0.000000000000000000e+00
4.175389394314018010e-01 0.000000000000000000e+00
4.519218172327031935e-01 0.000000000000000000e+00
4.815263691448976591e-01 0.000000000000000000e+00
5.068715525805955746e-01 0.000000000000000000e+00
5.284867601755381950e-01 0.000000000000000000e+00
5.468794926893968400e-01 0.000000000000000000e+00
5.625169206111196862e-01 0.000000000000000000e+00
5.758169764058895801e-01 0.000000000000000000e+00
5.871459226455352232e-01 0.000000000000000000e+00
5.968187647413006891e-01 0.000000000000000000e+00
6.051043577830306219e-01 0.000000000000000000e+00
6.122288844514340855e-01 0.000000000000000000e+00
6.183804733707745083e-01 0.000000000000000000e+00
6.237160168054870502e-01 0.000000000000000000e+00
6.283639743492049901e-01 0.000000000000000000e+00
6.324348048253669585e-01 0.000000000000000000e+00
6.360254767830489930e-01 0.000000000000000000e+00
6.392119702677018234e-01 0.000000000000000000e+00
6.420550675474843150e-01 0.000000000000000000e+00
6.446020408172149496e-01 0.000000000000000000e+00
6.468924249217786748e-01 0.000000000000000000e+00
6.489572877036801080e-01 0.000000000000000000e+00
6.508239802894070225e-01 0.000000000000000000e+00
6.525143516875231420e-01 0.000000000000000000e+00
6.540469109394025926e-01 0.000000000000000000e+00
6.554391067830592776e-01 0.000000000000000000e+00
6.567043978734010690e-01 0.000000000000000000e+00
6.578550853545724886e-01 0.000000000000000000e+00
6.589019198162295865e-01 0.000000000000000000e+00
6.598543155846303687e-01 0.000000000000000000e+00
6.607197988589166293e-01 0.000000000000000000e+00
6.615070477244691105e-01 0.000000000000000000e+00
6.622225343265917274e-01 0.000000000000000000e+00
6.628720540253998372e-01 0.000000000000000000e+00
6.634608184041526080e-01 0.000000000000000000e+00
6.639935353645979310e-01 0.000000000000000000e+00
6.644744556934648605e-01 0.000000000000000000e+00
6.649074194865232101e-01 0.000000000000000000e+00
6.652961584017801355e-01 0.000000000000000000e+00
6.656439692085777127e-01 0.000000000000000000e+00
6.659539174957976870e-01 0.000000000000000000e+00
6.662288731790382279e-01 0.000000000000000000e+00
6.664707372731938362e-01 0.000000000000000000e+00
6.666838912925866500e-01 0.000000000000000000e+00
6.668696693770183037e-01 0.000000000000000000e+00
6.670303799447711013e-01 0.000000000000000000e+00
6.671693105114293587e-01 0.000000000000000000e+00
6.672859295732879170e-01 0.000000000000000000e+00
6.673838164334781053e-01 0.000000000000000000e+00
6.674657844899216652e-01 0.000000000000000000e+00
6.675312494943860253e-01 0.000000000000000000e+00
6.675833292059163426e-01 0.000000000000000000e+00
6.676235449095351271e-01 0.000000000000000000e+00
6.676533327488938241e-01 0.000000000000000000e+00
6.676740338804099117e-01 0.000000000000000000e+00
6.676868843516358121e-01 0.000000000000000000e+00
6.676930307559794109e-01 0.000000000000000000e+00
6.676935279699856007e-01 0.000000000000000000e+00
6.676893339445915121e-01 0.000000000000000000e+00
6.676813130343361991e-01 0.000000000000000000e+00
6.676702404685801451e-01 0.000000000000000000e+00
