1.133333408256883557e+00 0.000000000000000000e+00
1.278486998667299979e+00 0.000000000000000000e+00
1.372533658120155931e+00 0.000000000000000000e+00
1.433070158294393659e+00 0.000000000000000000e+00
1.472921731289660308e+00 0.000000000000000000e+00
1.500497474358627681e+00 0.000000000000000000e+00
1.520410404651636460e+00 0.000000000000000000e+00
1.534215841420639714e+00 0.000000000000000000e+00
1.541439287050629270e+00 0.000000000000000000e+00
1.540709846660275550e+00 0.000000000000000000e+00
1.530737783194340951e+00 0.000000000000000000e+00
1.511028989436028258e+00 0.000000000000000000e+00
1.482063568762992833e+00 0.000000000000000000e+00
1.445249300548474780e+00 0.000000000000000000e+00
1.402580440125589245e+00 0.000000000000000000e+00
1.356172588833329806e+00 0.000000000000000000e+00
1.307992165837395193e+00 0.000000000000000000e+00
1.259574747440228570e+00 0.000000000000000000e+00
1.211980579028984151e+00 0.000000000000000000e+00
1.165846632150640438e+00 0.000000000000000000e+00
1.121498775035935536e+00 0.000000000000000000e+00
1.079075170591270671e+00 0.000000000000000000e+00
1.038631948079836720e+00 0.000000000000000000e+00
1.000219644548468345e+00 0.000000000000000000e+00
9.639304053600736832e-01 0.000000000000000000e+00
9.299214364683001666e-01 0.000000000000000000e+00
8.984215436600937466e-01 0.000000000000000000e+00
8.697267811378703861e-01 0.000000000000000000e+00
8.441896907598607225e-01 0.000000000000000000e+00
8.222051141025215060e-01 0.000000000000000000e+00
8.041944035805534963e-01 0.000000000000000000e+00
7.905890903610350851e-01 0.000000000000000000e+00
7.818146367904361682e-01 0.000000000000000000e+00
7.782745785744504818e-01 0.000000000000000000e+00
7.803356610520565395e-01 0.000000000000000000e+00
7.883137487747369221e-01 0.000000000000000000e+00
8.024616391116581315e-01 0.000000000000000000e+00
8.229586854071035962e-01 0.000000000000000000e+00
8.499026955472834821e-01 0.000000000000000000e+00
8.833045183206960083e-01 0.000000000000000000e+00
9.230855423756245681e-01 0.000000000000000000e+00
9.690781371179801873e-01 0.000000000000000000e+00
1.021028831687591731e+00 0.000000000000000000e+00
1.078603779084505776e+00 0.000000000000000000e+00
1.141395828172899973e+00 0.000000000000000000e+00
1.208932373350418032e+00 0.000000000000000000e+00
1.280683111675532171e+00 0.000000000000000000e+00
1.356066934849434524e+00 0.000000000000000000e+00
1.434457416877491731e+00 0.000000000000000000e+00
1.515186695619033630e+00 0.000000000000000000e+00
1.597547930594433785e+00 0.000000000000000000e+00
1.791172081386228410e+00 0.000000000000000000e+00
1.942298574585137549e+00 0.000000000000000000e+00
2.047044649029690522e+00 0.000000000000000000e+00
2.109865320058670335e+00 0.000000000000000000e+00
2.142345544934534551e+00 0.000000000000000000e+00
2.156203504889677713e+00 0.000000000000000000e+00
2.160049292091071216e+00 0.000000000000000000e+00
2.159500710446899951e+00 0.000000000000000000e+00
2.158481005971795152e+00 0.000000000000000000e+00
2.160139459525276528e+00 1.456384403923172144e-02
2.166418751633707451e+00 4.658882771947414625e-02
2.177225115969841696e+00 6.206459719469226144e-02
2.191971877054764928e+00 1.231494635945376004e-01
2.210533850543888512e+00 1.515379581384328489e-01
2.232731924490745090e+00 1.689608773748894066e-01
2.258438378245109845e+00 2.190055883815826832e-01
2.287733494789981670e+00 2.494838465868491895e-01
2.320523346484033134e+00 2.395751463969442163e-01
2.355606338026019042e+00 1.642368865841521419e-01
2.391078240883736328e+00 8.492594906835426727e-02
2.426554726209051438e+00 2.005249345243154124e-03
2.462034817438585765e+00 0.000000000000000000e+00
2.496946840299873127e+00 0.000000000000000000e+00
2.529480755009321680e+00 0.000000000000000000e+00
2.559222066194531742e+00 0.000000000000000000e+00
2.576864755526573347e+00 0.000000000000000000e+00
2.576500946250202873e+00 0.000000000000000000e+00
2.518489890769703088e+00 3.666435852571980902e-01
2.405754266034259459e+00 1.097811912124404543e-01
2.270958318995086600e+00 0.000000000000000000e+00
2.140071521270260568e+00 0.000000000000000000e+00
2.031981751483260545e+00 0.000000000000000000e+00
1.955494693806835382e+00 0.000000000000000000e+00
1.896279715770784247e+00 0.000000000000000000e+00
1.848246973916327862e+00 0.000000000000000000e+00
1.793535917135937963e+00 0.000000000000000000e+00
1.743290038535880493e+00 0.000000000000000000e+00
1.713221235981965629e+00 0.000000000000000000e+00
1.696027084120005801e+00 0.000000000000000000e+00
1.687510818988719352e+00 0.000000000000000000e+00
1.684633577805731530e+00 0.000000000000000000e+00
1.685145955127402617e+00 0.000000000000000000e+00
1.687449719243043544e+00 0.000000000000000000e+00
1.690472363836291070e+00 0.000000000000000000e+00
1.693523367977068261e+00 0.000000000000000000e+00
1.696161652435059564e+00 0.000000000000000000e+00
1.698095251146229723e+00 0.000000000000000000e+00
1.699115074532967284e+00 0.000000000000000000e+00
1.699055406857251205e+00 0.000000000000000000e+00
1.697773035557353705e+00 0.000000000000000000e+00
1.695139033447187416e+00 0.000000000000000000e+00
1.691039136886429928e+00 0.000000000000000000e+00
1.685379765278195219e+00 0.000000000000000000e+00
1.678097331388582969e+00 0.000000000000000000e+00
1.669168896549698022e+00 0.000000000000000000e+00
1.658622549383980127e+00 0.000000000000000000e+00
1.646546163314737798e+00 0.000000000000000000e+00
1.633093435049820297e+00 0.000000000000000000e+00
1.618486346604387283e+00 0.000000000000000000e+00
1.603013448071721969e+00 0.000000000000000000e+00
1.587023638930441516e+00 0.000000000000000000e+00
1.570915428106167688e+00 0.000000000000000000e+00
1.555121979113726738e+00 0.000000000000000000e+00
1.540092573486647964e+00 0.000000000000000000e+00
1.526271457085408789e+00 0.000000000000000000e+00
1.514075355604292739e+00 0.000000000000000000e+00
1.503871241762459565e+00 0.000000000000000000e+00
1.495956185389297088e+00 0.000000000000000000e+00
1.490541279282243003e+00 0.000000000000000000e+00
1.487741646055934286e+00 0.000000000000000000e+00
1.487574312503712415e+00 0.000000000000000000e+00
1.489965202855555892e+00 0.000000000000000000e+00
1.494765593517801472e+00 0.000000000000000000e+00
1.501777105590577310e+00 0.000000000000000000e+00
1.510782822429662664e+00 0.000000000000000000e+00
1.521580558463691890e+00 0.000000000000000000e+00
1.534012669745228319e+00 0.000000000000000000e+00
1.547987758029212069e+00 0.000000000000000000e+00
1.563492854597736681e+00 0.000000000000000000e+00
1.580583969213334106e+00 0.000000000000000000e+00
1.599368670881558652e+00 0.000000000000000000e+00
1.620002314282188882e+00 0.000000000000000000e+00
1.642684907557963037e+00 0.000000000000000000e+00
1.667626634206396341e+00 0.000000000000000000e+00
1.694981621720799136e+00 0.000000000000000000e+00
1.724788627588744072e+00 0.000000000000000000e+00
1.756944688164283397e+00 0.000000000000000000e+00
1.791212651503894415e+00 0.000000000000000000e+00
1.827245738025932598e+00 0.000000000000000000e+00
1.864615899831338686e+00 0.000000000000000000e+00
1.902845540777053035e+00 0.000000000000000000e+00
1.941432545798206677e+00 0.000000000000000000e+00
1.979867898374403357e+00 0.000000000000000000e+00
2.017639695499613417e+00 0.000000000000000000e+00
2.054227309396249979e+00 0.000000000000000000e+00
2.089135186265362876e+00 0.000000000000000000e+00
2.122152329931710213e+00 0.000000000000000000e+00
2.153548896597623052e+00 0.000000000000000000e+00
2.182731331263173757e+00 0.000000000000000000e+00
2.207432322217262932e+00 0.000000000000000000e+00
2.224496050080253085e+00 0.000000000000000000e+00
2.231468609423338023e+00 0.000000000000000000e+00
2.227788782460444761e+00 0.000000000000000000e+00
2.214602944314949085e+00 0.000000000000000000e+00
2.193330552199536321e+00 0.000000000000000000e+00
2.166504866514365801e+00 0.000000000000000000e+00
2.137461283824841907e+00 0.000000000000000000e+00
2.110331664605371138e+00 0.000000000000000000e+00
2.088509113502509340e+00 0.000000000000000000e+00
2.073663464220278918e+00 0.000000000000000000e+00
2.065730396090373233e+00 0.000000000000000000e+00
2.063332988150181180e+00 0.000000000000000000e+00
2.064275035733684760e+00 0.000000000000000000e+00
2.065986712802988734e+00 0.000000000000000000e+00
2.065906203506790106e+00 0.000000000000000000e+00
2.061805060959445157e+00 0.000000000000000000e+00
2.052052739769981038e+00 0.000000000000000000e+00
2.035796820085806313e+00 0.000000000000000000e+00
2.013028657246703990e+00 0.000000000000000000e+00
1.984517119257029005e+00 0.000000000000000000e+00
1.951621935276716790e+00 0.000000000000000000e+00
1.916029826121046664e+00 0.000000000000000000e+00
1.879475555307467793e+00 0.000000000000000000e+00
1.843507540685507928e+00 0.000000000000000000e+00
1.809336304438639020e+00 0.000000000000000000e+00
1.777774987240793969e+00 0.000000000000000000e+00
1.749256671939640739e+00 0.000000000000000000e+00
1.723900399958851137e+00 0.000000000000000000e+00
1.701596772738960706e+00 0.000000000000000000e+00
1.682090775922806758e+00 0.000000000000000000e+00
1.665048892788586254e+00 0.000000000000000000e+00
1.649716308317972002e+00 0.000000000000000000e+00
1.633194319729462496e+00 0.000000000000000000e+00
1.613038973004132792e+00 0.000000000000000000e+00
1.588021142032648658e+00 0.000000000000000000e+00
1.557663367977821567e+00 0.000000000000000000e+00
1.521967870375344312e+00 0.000000000000000000e+00
1.481252839770639040e+00 0.000000000000000000e+00
1.436048399300431155e+00 0.000000000000000000e+00
1.387018146812285968e+00 0.000000000000000000e+00
1.334941878154590977e+00 0.000000000000000000e+00
1.280612854448767157e+00 0.000000000000000000e+00
1.224851660364982608e+00 0.000000000000000000e+00
1.168465040740721328e+00 0.000000000000000000e+00
1.112224746993964786e+00 0.000000000000000000e+00
1.056849562800822095e+00 0.000000000000000000e+00
1.002991287561976197e+00 0.000000000000000000e+00
9.512244881543634456e-01 0.000000000000000000e+00
9.020396554085015062e-01 0.000000000000000000e+00
8.558393957571128752e-01 0.000000000000000000e+00
8.129373117179194974e-01 0.000000000000000000e+00
7.735592421711405819e-01 0.000000000000000000e+00
7.378465360735990686e-01 0.000000000000000000e+00
7.058610234537716632e-01 0.000000000000000000e+00
6.775913329406078045e-01 0.000000000000000000e+00
6.529601950925588705e-01 0.000000000000000000e+00
6.318323735077959746e-01 0.000000000000000000e+00
6.140228860154124391e-01 0.000000000000000000e+00
5.993052171704233988e-01 0.000000000000000000e+00
5.874192781886127257e-01 0.000000000000000000e+00
5.780789360414958500e-01 0.000000000000000000e+00
5.709790028562609088e-01 0.000000000000000000e+00
5.658016429206801368e-01 0.000000000000000000e+00
5.622222111241350628e-01 0.000000000000000000e+00
5.599145787675442465e-01 0.000000000000000000e+00
5.585560275381971085e-01 0.000000000000000000e+00
5.578317994256539736e-01 0.000000000000000000e+00
5.574393808438222742e-01 0.000000000000000000e+00
5.570925763294474198e-01 0.000000000000000000e+00
5.565253952481912236e-01 0.000000000000000000e+00
5.554957389642644072e-01 0.000000000000000000e+00
5.537888410067848266e-01 0.000000000000000000e+00
5.512734335139699571e-01 0.000000000000000000e+00
5.493553014242861243e-01 0.000000000000000000e+00
5.506276174372974896e-01 0.000000000000000000e+00
5.567750470469330359e-01 0.000000000000000000e+00
5.688290969656266682e-01 0.000000000000000000e+00
5.874041520345451017e-01 0.000000000000000000e+00
6.128361039386649445e-01 0.000000000000000000e+00
6.452653025799555131e-01 0.000000000000000000e+00
6.846869848185468399e-01 0.000000000000000000e+00
7.309822761682152059e-01 0.000000000000000000e+00
7.839373242037253053e-01 0.000000000000000000e+00
8.432549681565433275e-01 0.000000000000000000e+00
9.085614778009023507e-01 0.000000000000000000e+00
9.794097407655266707e-01 0.000000000000000000e+00
1.055279552810369115e+00 0.000000000000000000e+00
1.135575238695871070e+00 0.000000000000000000e+00
1.219620668451094181e+00 0.000000000000000000e+00
1.306653207381071935e+00 0.000000000000000000e+00
1.395812323306916847e+00 0.000000000000000000e+00
1.486137938133007541e+00 0.000000000000000000e+00
1.576544645688280122e+00 0.000000000000000000e+00
1.665830775032490552e+00 0.000000000000000000e+00
1.752696351098067762e+00 0.000000000000000000e+00
1.835771887417331660e+00 0.000000000000000000e+00
1.913668007859560705e+00 0.000000000000000000e+00
1.985047723687135779e+00 0.000000000000000000e+00
2.048717260482352032e+00 0.000000000000000000e+00
2.103725143117861407e+00 0.000000000000000000e+00
2.149453903236924202e+00 0.000000000000000000e+00
2.185686350881567819e+00 0.000000000000000000e+00
2.212630591261889990e+00 0.000000000000000000e+00
2.230872351574867629e+00 0.000000000000000000e+00
2.241404813308037536e+00 0.000000000000000000e+00
2.245337733642966072e+00 0.000000000000000000e+00
2.243925450362107110e+00 0.000000000000000000e+00
2.238399772141754340e+00 0.000000000000000000e+00
2.229868613500327612e+00 0.000000000000000000e+00
2.219251262196620722e+00 0.000000000000000000e+00
2.207272685767134757e+00 0.000000000000000000e+00
2.194357740363844567e+00 0.000000000000000000e+00
2.180850225108015294e+00 0.000000000000000000e+00
2.166871337309043355e+00 0.000000000000000000e+00
2.152426794350635220e+00 0.000000000000000000e+00
2.137460303171995868e+00 0.000000000000000000e+00
2.121892374494573019e+00 0.000000000000000000e+00
2.105651605592058218e+00 0.000000000000000000e+00
2.088698408233021553e+00 0.000000000000000000e+00
2.071020304301728565e+00 0.000000000000000000e+00
2.052544922007927930e+00 0.000000000000000000e+00
2.033134365282352363e+00 0.000000000000000000e+00
2.012824554815020761e+00 0.000000000000000000e+00
1.991670632764207749e+00 0.000000000000000000e+00
1.969896475067405062e+00 0.000000000000000000e+00
1.948115512512849534e+00 0.000000000000000000e+00
1.927074292920334608e+00 0.000000000000000000e+00
1.907389580970191956e+00 0.000000000000000000e+00
1.889467485836658467e+00 0.000000000000000000e+00
1.873453326885738290e+00 0.000000000000000000e+00
1.859207523489715408e+00 0.000000000000000000e+00
1.846072526415090342e+00 0.000000000000000000e+00
1.833214549627067980e+00 0.000000000000000000e+00
1.820415206989544066e+00 0.000000000000000000e+00
1.807809431909422226e+00 0.000000000000000000e+00
1.795345945651962483e+00 0.000000000000000000e+00
1.781851469438932689e+00 0.000000000000000000e+00
1.766183752901826276e+00 0.000000000000000000e+00
1.747828034630487082e+00 0.000000000000000000e+00
1.726597665317130437e+00 0.000000000000000000e+00
1.702574383697741833e+00 0.000000000000000000e+00
1.676098095242231301e+00 0.000000000000000000e+00
1.647531146259309853e+00 0.000000000000000000e+00
1.617262204052636099e+00 0.000000000000000000e+00
1.585793835519953232e+00 0.000000000000000000e+00
1.553720191074910772e+00 0.000000000000000000e+00
1.521638609889695015e+00 0.000000000000000000e+00
1.490073908174215145e+00 0.000000000000000000e+00
1.459438400467339525e+00 0.000000000000000000e+00
