1.192445247592464064e+00 0.000000000000000000e+00
1.167417640115058219e+00 0.000000000000000000e+00
1.705089773808664777e+00 0.000000000000000000e+00
1.459063367302730008e+00 0.000000000000000000e+00
1.410273857321607593e+00 0.000000000000000000e+00
1.574330131317395853e+00 0.000000000000000000e+00
1.100941729881417253e+00 0.000000000000000000e+00
1.100541339464031099e+00 0.000000000000000000e+00
1.124726084157209538e+00 0.000000000000000000e+00
1.135320500263262700e+00 0.000000000000000000e+00
1.210970565646413588e+00 0.000000000000000000e+00
1.335171378709663959e+00 0.000000000000000000e+00
1.431840161218639551e+00 0.000000000000000000e+00
1.505451260320348705e+00 0.000000000000000000e+00
1.557522797460235697e+00 0.000000000000000000e+00
1.595955250151874782e+00 0.000000000000000000e+00
1.624650294437915088e+00 0.000000000000000000e+00
1.645153632108859121e+00 0.000000000000000000e+00
1.660142815348433221e+00 0.000000000000000000e+00
1.658616519696088254e+00 0.000000000000000000e+00
1.659664610136896368e+00 0.000000000000000000e+00
1.648747898754785446e+00 0.000000000000000000e+00
1.638960847165502610e+00 0.000000000000000000e+00
1.578403711478411076e+00 0.000000000000000000e+00
8.380895261227714332e-01 0.000000000000000000e+00
2.659474373957828597e-01 0.000000000000000000e+00
2.152339865225822990e-01 0.000000000000000000e+00
1.925372699746912275e-01 0.000000000000000000e+00
1.863865625061101872e-01 0.000000000000000000e+00
1.887102670211681099e-01 0.000000000000000000e+00
1.917996758210969155e-01 0.000000000000000000e+00
1.985108289442767404e-01 0.000000000000000000e+00
2.064350296064958457e-01 0.000000000000000000e+00
2.181688800321397448e-01 0.000000000000000000e+00
2.318148381446250017e-01 0.000000000000000000e+00
2.458452169846720992e-01 0.000000000000000000e+00
2.592525108473806572e-01 0.000000000000000000e+00
3.101781422537749910e-01 0.000000000000000000e+00
3.603149417851480019e-01 0.000000000000000000e+00
4.042758605666876837e-01 0.000000000000000000e+00
4.424515961255334195e-01 0.000000000000000000e+00
4.753799785197652117e-01 0.000000000000000000e+00
5.036465803617018455e-01 0.000000000000000000e+00
5.278274056672714876e-01 0.000000000000000000e+00
5.484638914437942603e-01 0.000000000000000000e+00
5.660454004751072077e-01 0.000000000000000000e+00
5.810074182264323150e-01 0.000000000000000000e+00
5.937314386101407715e-01 0.000000000000000000e+00
6.045483407901326434e-01 0.000000000000000000e+00
6.137430356956086186e-01 0.000000000000000000e+00
6.215595522061350131e-01 0.000000000000000000e+00
6.282060884607706397e-01 0.000000000000000000e+00
6.338597690546505792e-01 0.000000000000000000e+00
6.386709798212824030e-01 0.000000000000000000e+00
6.427672942396654987e-01 0.000000000000000000e+00
6.462565614977521244e-01 0.000000000000000000e+00
6.492304224092070308e-01 0.000000000000000000e+00
6.517662389887871610e-01 0.000000000000000000e+00
6.539296751574790179e-01 0.000000000000000000e+00
6.557762884025263306e-01 0.000000000000000000e+00
6.573532024489585623e-01 0.000000000000000000e+00
6.587003249814674666e-01 0.000000000000000000e+00
6.598516018692885954e-01 0.000000000000000000e+00
6.608359272834853915e-01 0.000000000000000000e+00
6.616776069677955396e-01 0.000000000000000000e+00
6.623975888947675195e-01 0.000000000000000000e+00
6.630137428218352280e-01 0.000000000000000000e+00
6.635408599552434783e-01 0.000000000000000000e+00
6.639920266014952555e-01 0.000000000000000000e+00
6.643782252689531820e-01 0.000000000000000000e+00
6.647088341053906113e-01 0.000000000000000000e+00
6.649918655682711677e-01 0.000000000000000000e+00
6.652341681084477099e-01 0.000000000000000000e+00
6.654415977002511307e-01 0.000000000000000000e+00
6.656191636175099458e-01 0.000000000000000000e+00
6.657711523594393999e-01 0.000000000000000000e+00
6.659012330593692131e-01 0.000000000000000000e+00
6.660125471981680478e-01 0.000000000000000000e+00
6.661071225264161288e-01 0.000000000000000000e+00
6.661888611053693454e-01 0.000000000000000000e+00
6.662586828693879415e-01 0.000000000000000000e+00
6.663172957534736485e-01 0.000000000000000000e+00
6.663673373230448727e-01 0.000000000000000000e+00
6.664098900484599630e-01 0.000000000000000000e+00
6.664458613377347573e-01 0.000000000000000000e+00
6.664852607385615135e-01 0.000000000000000000e+00
6.665029388519505549e-01 0.000000000000000000e+00
6.665314742056235309e-01 0.000000000000000000e+00
6.665547459724319168e-01 0.000000000000000000e+00
6.665788636785382471e-01 0.000000000000000000e+00
6.665916384671564110e-01 0.000000000000000000e+00
6.666023013656100504e-01 0.000000000000000000e+00
6.666114203635905566e-01 0.000000000000000000e+00
6.666192304915921074e-01 0.000000000000000000e+00
6.666259239982049722e-01 0.000000000000000000e+00
6.666316639522767984e-01 0.000000000000000000e+00
6.666365889593411920e-01 0.000000000000000000e+00
6.666408169283294383e-01 0.000000000000000000e+00
6.666444482387592352e-01 0.000000000000000000e+00
6.666513828396777308e-01 0.000000000000000000e+00
