1.192445247592464064e+00 0.000000000000000000e+00
1.161995145569706178e+00 0.000000000000000000e+00
1.626451955915096281e+00 0.000000000000000000e+00
1.166631728930034306e+00 0.000000000000000000e+00
1.341333973441745320e+00 0.000000000000000000e+00
1.769563531591018091e+00 0.000000000000000000e+00
1.387480795645627207e+00 0.000000000000000000e+00
1.191089734041409720e+00 0.000000000000000000e+00
1.160564406849247554e+00 0.000000000000000000e+00
1.183346121142708984e+00 0.000000000000000000e+00
1.252866342765426744e+00 0.000000000000000000e+00
1.312486476859419771e+00 0.000000000000000000e+00
1.360457879180282603e+00 0.000000000000000000e+00
1.395192775401968621e+00 0.000000000000000000e+00
1.418854687707735041e+00 0.000000000000000000e+00
1.434473324113145098e+00 0.000000000000000000e+00
1.444392365884056950e+00 0.000000000000000000e+00
1.451279693960034090e+00 0.000000000000000000e+00
1.485616148463525299e+00 0.000000000000000000e+00
1.585059588265234520e+00 0.000000000000000000e+00
1.651875706653309628e+00 0.000000000000000000e+00
1.671663693257092742e+00 0.000000000000000000e+00
1.615281152205847226e+00 0.000000000000000000e+00
8.089044562376500602e-01 0.000000000000000000e+00
3.616584127876328880e-01 0.000000000000000000e+00
2.608421694368966426e-01 0.000000000000000000e+00
2.281168113330838132e-01 0.000000000000000000e+00
2.059150278356831620e-01 0.000000000000000000e+00
1.942610388969341351e-01 0.000000000000000000e+00
1.933211207108749274e-01 0.000000000000000000e+00
1.990949913199621113e-01 0.000000000000000000e+00
2.086785996407074517e-01 0.000000000000000000e+00
2.201276055706812285e-01 0.000000000000000000e+00
2.321729309550436549e-01 0.000000000000000000e+00
2.568358618114900405e-01 0.000000000000000000e+00
3.021954894698424265e-01 0.000000000000000000e+00
3.435690639875111363e-01 0.000000000000000000e+00
3.809114184537132353e-01 0.000000000000000000e+00
4.143695831142003017e-01 0.000000000000000000e+00
4.441896250840405291e-01 0.000000000000000000e+00
4.706615904653038696e-01 0.000000000000000000e+00
4.941018752727895924e-01 0.000000000000000000e+00
5.148056451586648929e-01 0.000000000000000000e+00
5.330630808224152695e-01 0.000000000000000000e+00
5.491532455765284482e-01 0.000000000000000000e+00
5.633140272323201581e-01 0.000000000000000000e+00
5.757770116574986163e-01 0.000000000000000000e+00
5.867359504776824553e-01 0.000000000000000000e+00
5.963694450169367833e-01 0.000000000000000000e+00
6.048361124885450746e-01 0.000000000000000000e+00
6.122763732691430816e-01 0.000000000000000000e+00
6.188141245849285710e-01 0.000000000000000000e+00
6.245588233213836826e-01 0.000000000000000000e+00
6.296070183274850018e-01 0.000000000000000000e+00
6.340420864718263605e-01 0.000000000000000000e+00
6.379423957952310431e-01 0.000000000000000000e+00
6.413707224009355112e-01 0.000000000000000000e+00
6.443847260298586344e-01 0.000000000000000000e+00
6.470350114401670627e-01 0.000000000000000000e+00
6.493648591443500484e-01 0.000000000000000000e+00
6.514160139639856295e-01 0.000000000000000000e+00
6.532205991713935234e-01 0.000000000000000000e+00
6.548076652650146601e-01 0.000000000000000000e+00
6.562062063459642713e-01 0.000000000000000000e+00
6.574374391919202143e-01 0.000000000000000000e+00
6.585207860788376832e-01 0.000000000000000000e+00
6.594765164075773178e-01 0.000000000000000000e+00
6.603185179681733130e-01 0.000000000000000000e+00
6.610597296359356223e-01 0.000000000000000000e+00
6.617144594030474058e-01 0.000000000000000000e+00
6.622917010741585786e-01 0.000000000000000000e+00
6.628000429879176147e-01 0.000000000000000000e+00
6.632497062145386035e-01 0.000000000000000000e+00
6.636456311386658147e-01 0.000000000000000000e+00
6.639962588454755288e-01 0.000000000000000000e+00
6.643048906865410830e-01 0.000000000000000000e+00
6.645785908259577157e-01 0.000000000000000000e+00
6.648193861279451111e-01 0.000000000000000000e+00
6.650332728221783896e-01 0.000000000000000000e+00
6.652212937505604939e-01 0.000000000000000000e+00
6.653876729089478470e-01 0.000000000000000000e+00
6.655359664535261954e-01 0.000000000000000000e+00
6.656658791079503867e-01 0.000000000000000000e+00
6.657809336851201465e-01 0.000000000000000000e+00
6.658828081839706092e-01 0.000000000000000000e+00
6.659729970581265146e-01 0.000000000000000000e+00
6.660543948029868933e-01 0.000000000000000000e+00
6.661259343759485807e-01 0.000000000000000000e+00
6.661877213338456283e-01 0.000000000000000000e+00
6.662439997368463374e-01 0.000000000000000000e+00
6.662922762959140321e-01 0.000000000000000000e+00
6.663365796722759971e-01 0.000000000000000000e+00
6.663742516865838184e-01 0.000000000000000000e+00
6.664077810427064819e-01 0.000000000000000000e+00
6.664391125566329066e-01 0.000000000000000000e+00
6.664650413523834915e-01 0.000000000000000000e+00
6.664896847259034196e-01 0.000000000000000000e+00
6.665111047770063690e-01 0.000000000000000000e+00
6.665285795551448844e-01 0.000000000000000000e+00
6.665456211710408807e-01 0.000000000000000000e+00
