1.188732121899046756e+00 0.000000000000000000e+00
1.167903456559205244e+00 0.000000000000000000e+00
1.581075521408460194e+00 0.000000000000000000e+00
1.183745005770346692e+00 0.000000000000000000e+00
1.802307865726122227e+00 0.000000000000000000e+00
2.044843085464651100e+00 0.000000000000000000e+00
1.832456385837455848e+00 0.000000000000000000e+00
1.507704003568375750e+00 0.000000000000000000e+00
1.315781951945496075e+00 0.000000000000000000e+00
1.215166258014711342e+00 0.000000000000000000e+00
1.175514677772963923e+00 0.000000000000000000e+00
1.169077944483251308e+00 0.000000000000000000e+00
1.172237449209056592e+00 0.000000000000000000e+00
1.190384602262796410e+00 0.000000000000000000e+00
1.212942979312485070e+00 0.000000000000000000e+00
1.300863930550584247e+00 0.000000000000000000e+00
1.401102840741655253e+00 0.000000000000000000e+00
1.461821976333832485e+00 0.000000000000000000e+00
1.327377183864844268e+00 0.000000000000000000e+00
1.015755961874472924e+00 0.000000000000000000e+00
7.932900490288792295e-01 0.000000000000000000e+00
6.370527201622090407e-01 0.000000000000000000e+00
5.298728331207129827e-01 0.000000000000000000e+00
4.586313425628816276e-01 0.000000000000000000e+00
4.135324103884693292e-01 0.000000000000000000e+00
3.872625805832692891e-01 0.000000000000000000e+00
3.745139731865110289e-01 0.000000000000000000e+00
3.713260264692365697e-01 0.000000000000000000e+00
3.748526363458725696e-01 0.000000000000000000e+00
3.829148357740418396e-01 0.000000000000000000e+00
3.939498115201456874e-01 0.000000000000000000e+00
4.068214649691308527e-01 0.000000000000000000e+00
4.207105392084335982e-01 0.000000000000000000e+00
4.350324520171060527e-01 0.000000000000000000e+00
4.493759236940000346e-01 0.000000000000000000e+00
4.634572035800972323e-01 0.000000000000000000e+00
4.770859802201726785e-01 0.000000000000000000e+00
4.901400326360679793e-01 0.000000000000000000e+00
5.025464150165670496e-01 0.000000000000000000e+00
5.142675204801419042e-01 0.000000000000000000e+00
5.252798209312599109e-01 0.000000000000000000e+00
5.356146451465455538e-01 0.000000000000000000e+00
5.452719428420724768e-01 0.000000000000000000e+00
5.542767321651740353e-01 0.000000000000000000e+00
5.626588319124199433e-01 0.000000000000000000e+00
5.704507590236929104e-01 0.000000000000000000e+00
5.776862430032719820e-01 0.000000000000000000e+00
5.843991838291341390e-01 0.000000000000000000e+00
5.906229352399342547e-01 0.000000000000000000e+00
5.963898255909310109e-01 0.000000000000000000e+00
6.017308510929461063e-01 0.000000000000000000e+00
6.066661847294340104e-01 0.000000000000000000e+00
6.112460819525300515e-01 0.000000000000000000e+00
6.154825708225890590e-01 0.000000000000000000e+00
6.194005585836748207e-01 0.000000000000000000e+00
6.230232854326273051e-01 0.000000000000000000e+00
6.263723985612011935e-01 0.000000000000000000e+00
6.294680388995517184e-01 0.000000000000000000e+00
6.323182051601019538e-01 0.000000000000000000e+00
6.349660765050584299e-01 0.000000000000000000e+00
6.374114451358560141e-01 0.000000000000000000e+00
6.396696506071617438e-01 0.000000000000000000e+00
6.417548618086899026e-01 0.000000000000000000e+00
6.436801696044827104e-01 0.000000000000000000e+00
6.454576754321824650e-01 0.000000000000000000e+00
6.470985706739146304e-01 0.000000000000000000e+00
6.486132081548535711e-01 0.000000000000000000e+00
6.500111668962545997e-01 0.000000000000000000e+00
6.513013110273605522e-01 0.000000000000000000e+00
6.524918435925631810e-01 0.000000000000000000e+00
6.535903558577533801e-01 0.000000000000000000e+00
6.546038726167456856e-01 0.000000000000000000e+00
6.555388939188913078e-01 0.000000000000000000e+00
6.564014335746192197e-01 0.000000000000000000e+00
6.571970547442784749e-01 0.000000000000000000e+00
6.579309028741163745e-01 0.000000000000000000e+00
6.586077362093232246e-01 0.000000000000000000e+00
6.592270009954924737e-01 0.000000000000000000e+00
6.598046791774925257e-01 0.000000000000000000e+00
6.603369609348369584e-01 0.000000000000000000e+00
6.608274834840504042e-01 0.000000000000000000e+00
6.612795791143325497e-01 0.000000000000000000e+00
6.616963013109630198e-01 0.000000000000000000e+00
6.620804518771606917e-01 0.000000000000000000e+00
6.624346044355214902e-01 0.000000000000000000e+00
6.627611249462157517e-01 0.000000000000000000e+00
6.630621861934189454e-01 0.000000000000000000e+00
6.633397924712753913e-01 0.000000000000000000e+00
6.635957896820942059e-01 0.000000000000000000e+00
6.638318768609856591e-01 0.000000000000000000e+00
6.640496182657705804e-01 0.000000000000000000e+00
6.642474093061542240e-01 0.000000000000000000e+00
6.644339083671148005e-01 0.000000000000000000e+00
6.646056761038621197e-01 0.000000000000000000e+00
6.647639389249352382e-01 0.000000000000000000e+00
6.649098103556240202e-01 0.000000000000000000e+00
6.650443013208520160e-01 0.000000000000000000e+00
6.651683320861727644e-01 0.000000000000000000e+00
6.652827423316020061e-01 0.000000000000000000e+00
6.653882996440808606e-01 0.000000000000000000e+00
