4.765381086903895280e+00 0.000000000000000000e+00
2.619985508493534621e+00 0.000000000000000000e+00
1.939304857233797197e+00 0.000000000000000000e+00
1.339746125854170522e+00 0.000000000000000000e+00
1.221570548035912918e+00 0.000000000000000000e+00
1.168243132358156799e+00 0.000000000000000000e+00
1.139882301799115094e+00 0.000000000000000000e+00
1.125490835722646299e+00 0.000000000000000000e+00
1.118386660570895419e+00 0.000000000000000000e+00
1.324308271594640374e+00 0.000000000000000000e+00
1.525492343283948893e+00 0.000000000000000000e+00
1.632867203006091339e+00 0.000000000000000000e+00
1.685968802137536082e+00 0.000000000000000000e+00
1.647288973022037473e+00 0.000000000000000000e+00
1.575600310410633531e+00 0.000000000000000000e+00
1.519411470564464572e+00 0.000000000000000000e+00
1.477614773029443773e+00 0.000000000000000000e+00
1.441426696026081089e+00 0.000000000000000000e+00
1.431271684421916435e+00 0.000000000000000000e+00
1.515538924741847815e+00 0.000000000000000000e+00
1.632185775849975595e+00 0.000000000000000000e+00
1.286631626257010108e+00 0.000000000000000000e+00
5.754792864906671523e-01 0.000000000000000000e+00
3.124725109569355119e-01 0.000000000000000000e+00
2.588252850097133573e-01 0.000000000000000000e+00
2.294399227983283662e-01 0.000000000000000000e+00
2.171391663047889109e-01 0.000000000000000000e+00
2.161347188959583665e-01 0.000000000000000000e+00
2.219074921564467839e-01 0.000000000000000000e+00
2.312950486955924756e-01 0.000000000000000000e+00
2.422274306903920982e-01 0.000000000000000000e+00
2.534244463946299097e-01 0.000000000000000000e+00
2.665876805725608811e-01 0.000000000000000000e+00
3.137350603732246834e-01 0.000000000000000000e+00
3.567701898754405687e-01 0.000000000000000000e+00
3.950929157812654857e-01 0.000000000000000000e+00
4.289958512500864352e-01 0.000000000000000000e+00
4.588475639038533394e-01 0.000000000000000000e+00
4.850423002964826535e-01 0.000000000000000000e+00
5.079710337582736823e-01 0.000000000000000000e+00
5.280053561119190109e-01 0.000000000000000000e+00
5.454892168828644472e-01 0.000000000000000000e+00
5.607353747375227737e-01 0.000000000000000000e+00
5.740246302739524520e-01 0.000000000000000000e+00
5.856067434988869724e-01 0.000000000000000000e+00
5.957022787698660338e-01 0.000000000000000000e+00
6.045049217506024419e-01 0.000000000000000000e+00
6.121840087108640915e-01 0.000000000000000000e+00
6.188870781297687307e-01 0.000000000000000000e+00
6.247423354678679486e-01 0.000000000000000000e+00
6.298609661744417609e-01 0.000000000000000000e+00
6.343392615306235882e-01 0.000000000000000000e+00
6.382605418138144193e-01 0.000000000000000000e+00
6.416968745884368275e-01 0.000000000000000000e+00
6.447105946538461696e-01 0.000000000000000000e+00
6.473556376339356655e-01 0.000000000000000000e+00
6.496787023037364772e-01 0.000000000000000000e+00
6.517202581940064743e-01 0.000000000000000000e+00
6.535154153015251266e-01 0.000000000000000000e+00
6.550946722413953927e-01 0.000000000000000000e+00
6.564845581932633456e-01 0.000000000000000000e+00
6.577081827262059033e-01 0.000000000000000000e+00
6.587857061886077670e-01 0.000000000000000000e+00
6.597347419249967038e-01 0.000000000000000000e+00
6.605707002017273677e-01 0.000000000000000000e+00
6.613070824312086149e-01 0.000000000000000000e+00
6.619557331043313120e-01 0.000000000000000000e+00
6.625270557833987661e-01 0.000000000000000000e+00
6.630301985743852766e-01 0.000000000000000000e+00
6.634732136828929150e-01 0.000000000000000000e+00
6.638631949542773691e-01 0.000000000000000000e+00
6.642063966947466813e-01 0.000000000000000000e+00
6.645083365556914146e-01 0.000000000000000000e+00
6.647738848272117806e-01 0.000000000000000000e+00
6.650073421182705058e-01 0.000000000000000000e+00
6.652125070906615978e-01 0.000000000000000000e+00
6.653927356534138360e-01 0.000000000000000000e+00
6.655509928058032099e-01 0.000000000000000000e+00
6.656898981342290744e-01 0.000000000000000000e+00
6.658117658151397888e-01 0.000000000000000000e+00
6.659186398481201641e-01 0.000000000000000000e+00
6.660123251360399177e-01 0.000000000000000000e+00
6.660944149393741576e-01 0.000000000000000000e+00
6.661663151564619634e-01 0.000000000000000000e+00
6.662292658182120686e-01 0.000000000000000000e+00
6.662843601324432985e-01 0.000000000000000000e+00
6.663325613680879389e-01 0.000000000000000000e+00
6.663747178314043396e-01 0.000000000000000000e+00
6.664115761540093663e-01 0.000000000000000000e+00
6.664437930849800296e-01 0.000000000000000000e+00
6.664719459554806491e-01 0.000000000000000000e+00
6.664965419648655187e-01 0.000000000000000000e+00
6.665180264195267323e-01 0.000000000000000000e+00
6.665367900385238409e-01 0.000000000000000000e+00
6.665531754296751821e-01 0.000000000000000000e+00
6.665674828282537323e-01 0.000000000000000000e+00
6.665799751785225213e-01 0.000000000000000000e+00
6.665908826304161039e-01 0.000000000000000000e+00
6.666004065158289693e-01 0.000000000000000000e+00
6.666087228620505289e-01 0.000000000000000000e+00
