1.544530377823947420e+00 0.000000000000000000e+00
1.017559233998568624e+00 0.000000000000000000e+00
1.618548751158014776e+00 0.000000000000000000e+00
1.167626991997559038e+00 0.000000000000000000e+00
1.544016078173339190e+00 0.000000000000000000e+00
1.942033271709520115e+00 0.000000000000000000e+00
2.093222865676876765e+00 0.000000000000000000e+00
2.015473165133324862e+00 0.000000000000000000e+00
1.303265208965185940e+00 0.000000000000000000e+00
1.141252736545769642e+00 0.000000000000000000e+00
1.152720686128187566e+00 0.000000000000000000e+00
1.159979778007270479e+00 0.000000000000000000e+00
1.164771607991081481e+00 0.000000000000000000e+00
1.165574442830186186e+00 0.000000000000000000e+00
1.165678944380138304e+00 0.000000000000000000e+00
1.263363606829787100e+00 0.000000000000000000e+00
1.419416996385940433e+00 0.000000000000000000e+00
1.552989959935695996e+00 0.000000000000000000e+00
1.657674510753111896e+00 0.000000000000000000e+00
1.712155155564701214e+00 0.000000000000000000e+00
1.645437750288009315e+00 0.000000000000000000e+00
1.116140039421436914e+00 0.000000000000000000e+00
7.556086474215688575e-01 0.000000000000000000e+00
5.161571938481088750e-01 0.000000000000000000e+00
3.630585145641390676e-01 0.000000000000000000e+00
2.976194267927080306e-01 0.000000000000000000e+00
2.734250172847850768e-01 0.000000000000000000e+00
2.576766481436773004e-01 0.000000000000000000e+00
2.486754387837910585e-01 0.000000000000000000e+00
2.448085249964031540e-01 0.000000000000000000e+00
2.446838880101680491e-01 0.000000000000000000e+00
2.613946055144379943e-01 0.000000000000000000e+00
2.897043426381568088e-01 0.000000000000000000e+00
3.188122338329089644e-01 0.000000000000000000e+00
3.476339044261371747e-01 0.000000000000000000e+00
3.754659742519732557e-01 0.000000000000000000e+00
4.018745912962909950e-01 0.000000000000000000e+00
4.266147745342936393e-01 0.000000000000000000e+00
4.495722303338102743e-01 0.000000000000000000e+00
4.707215414588068469e-01 0.000000000000000000e+00
4.900962664349287623e-01 0.000000000000000000e+00
5.077676879249736208e-01 0.000000000000000000e+00
5.238298282211756307e-01 0.000000000000000000e+00
5.383889936824043376e-01 0.000000000000000000e+00
5.515565811027763887e-01 0.000000000000000000e+00
5.634442235869040472e-01 0.000000000000000000e+00
5.741606054250196767e-01 0.000000000000000000e+00
5.838093817192615553e-01 0.000000000000000000e+00
5.924322292946443413e-01 0.000000000000000000e+00
6.002095695835908407e-01 0.000000000000000000e+00
6.072123691501718490e-01 0.000000000000000000e+00
6.135089154335879869e-01 0.000000000000000000e+00
6.191638547302340534e-01 0.000000000000000000e+00
6.242376189633399575e-01 0.000000000000000000e+00
6.287869913753604267e-01 0.000000000000000000e+00
6.328615544278795024e-01 0.000000000000000000e+00
6.365095153020033925e-01 0.000000000000000000e+00
6.397737503560613215e-01 0.000000000000000000e+00
6.426942051389007426e-01 0.000000000000000000e+00
6.453036856017634326e-01 0.000000000000000000e+00
6.476355629884715803e-01 0.000000000000000000e+00
6.497185562137057779e-01 0.000000000000000000e+00
6.515796820118104904e-01 0.000000000000000000e+00
6.532424935122793652e-01 0.000000000000000000e+00
6.547221639090115008e-01 0.000000000000000000e+00
6.560424129167896634e-01 0.000000000000000000e+00
6.572240786480098018e-01 0.000000000000000000e+00
6.582636330550530879e-01 0.000000000000000000e+00
6.592020517602252827e-01 0.000000000000000000e+00
6.600374843916674283e-01 0.000000000000000000e+00
6.607810787099366312e-01 0.000000000000000000e+00
6.614427899095667307e-01 0.000000000000000000e+00
6.620314946255950739e-01 0.000000000000000000e+00
6.625551118787358362e-01 0.000000000000000000e+00
6.630207091829244392e-01 0.000000000000000000e+00
6.634345956061967753e-01 0.000000000000000000e+00
6.638037985269229502e-01 0.000000000000000000e+00
6.641288594138268220e-01 0.000000000000000000e+00
6.644182480278898462e-01 0.000000000000000000e+00
6.646756260789705717e-01 0.000000000000000000e+00
6.649043370813352283e-01 0.000000000000000000e+00
6.651074229907574242e-01 0.000000000000000000e+00
6.652876378200158758e-01 0.000000000000000000e+00
6.654474650768864574e-01 0.000000000000000000e+00
6.655891374610191091e-01 0.000000000000000000e+00
6.657152388704778989e-01 0.000000000000000000e+00
6.658260949004034535e-01 0.000000000000000000e+00
6.659243032872078638e-01 0.000000000000000000e+00
6.660112604190614460e-01 0.000000000000000000e+00
6.660882160834015187e-01 0.000000000000000000e+00
6.661566582268789727e-01 0.000000000000000000e+00
6.662166483126501504e-01 0.000000000000000000e+00
6.662697176806944288e-01 0.000000000000000000e+00
6.663166381577626529e-01 0.000000000000000000e+00
6.663580989076761663e-01 0.000000000000000000e+00
6.663949331274078292e-01 0.000000000000000000e+00
6.664271397766553529e-01 0.000000000000000000e+00
6.664555903351383481e-01 0.000000000000000000e+00
6.664807088954095571e-01 0.000000000000000000e+00
6.665028738891969340e-01 0.000000000000000000e+00
