1.341106540622155618e+00 0.000000000000000000e+00
1.085144269417211316e+00 0.000000000000000000e+00
1.748997829736207876e+00 0.000000000000000000e+00
1.232128205793071141e+00 0.000000000000000000e+00
1.453138315711215434e+00 0.000000000000000000e+00
1.008797477708697876e+00 0.000000000000000000e+00
1.050133393633741363e+00 0.000000000000000000e+00
1.092554863288409894e+00 0.000000000000000000e+00
1.116754632873959485e+00 0.000000000000000000e+00
1.167506578418937568e+00 0.000000000000000000e+00
1.313057129186083305e+00 0.000000000000000000e+00
1.449675150295553605e+00 0.000000000000000000e+00
1.550283451340761065e+00 0.000000000000000000e+00
1.623920175868321714e+00 0.000000000000000000e+00
1.677688493542531134e+00 0.000000000000000000e+00
1.714847590620016238e+00 0.000000000000000000e+00
1.739221875552413366e+00 0.000000000000000000e+00
1.747562871514895866e+00 0.000000000000000000e+00
1.750924416350553958e+00 0.000000000000000000e+00
1.753287400533569906e+00 0.000000000000000000e+00
1.745789769707502437e+00 0.000000000000000000e+00
1.738004875197507904e+00 0.000000000000000000e+00
1.721598550686522788e+00 0.000000000000000000e+00
1.693004435263556040e+00 0.000000000000000000e+00
1.657381962845195567e+00 0.000000000000000000e+00
1.591833978854782838e+00 0.000000000000000000e+00
1.479203838812875205e+00 0.000000000000000000e+00
2.401316933043544655e-01 0.000000000000000000e+00
0.000000000000000000e+00 0.000000000000000000e+00
0.000000000000000000e+00 0.000000000000000000e+00
0.000000000000000000e+00 0.000000000000000000e+00
0.000000000000000000e+00 0.000000000000000000e+00
0.000000000000000000e+00 0.000000000000000000e+00
0.000000000000000000e+00 0.000000000000000000e+00
0.000000000000000000e+00 0.000000000000000000e+00
5.808545083041416479e-02 0.000000000000000000e+00
1.353412353344674024e-01 0.000000000000000000e+00
1.986736449520628556e-01 0.000000000000000000e+00
2.470418329235800625e-01 0.000000000000000000e+00
2.822393823251233558e-01 0.000000000000000000e+00
3.516428342746857894e-01 0.000000000000000000e+00
4.177210385738136522e-01 0.000000000000000000e+00
4.683592284889511737e-01 0.000000000000000000e+00
5.073332076222083487e-01 0.000000000000000000e+00
5.374925744897279811e-01 0.000000000000000000e+00
5.609800133041951131e-01 0.000000000000000000e+00
5.794054818330868217e-01 0.000000000000000000e+00
5.939793091374594436e-01 0.000000000000000000e+00
6.056121060119001864e-01 0.000000000000000000e+00
6.149893556629408842e-01 0.000000000000000000e+00
6.226289265325271050e-01 0.000000000000000000e+00
6.289361167423249688e-01 0.000000000000000000e+00
6.342137770231529581e-01 0.000000000000000000e+00
6.386802464586002204e-01 0.000000000000000000e+00
6.424953663805129667e-01 0.000000000000000000e+00
6.457781098409064446e-01 0.000000000000000000e+00
6.486185883180494161e-01 0.000000000000000000e+00
6.510863380288158808e-01 0.000000000000000000e+00
6.532360922505182632e-01 0.000000000000000000e+00
6.551118255509478239e-01 0.000000000000000000e+00
6.567495953862207969e-01 0.000000000000000000e+00
6.581795406327107800e-01 0.000000000000000000e+00
6.594272876408161510e-01 0.000000000000000000e+00
6.605220652269979675e-01 0.000000000000000000e+00
6.615291576926102257e-01 0.000000000000000000e+00
6.625268816048518472e-01 0.000000000000000000e+00
6.630941334871337522e-01 0.000000000000000000e+00
6.635925484251860018e-01 0.000000000000000000e+00
6.639959941641484509e-01 0.000000000000000000e+00
6.644612197472312687e-01 0.000000000000000000e+00
6.649076517190307678e-01 0.000000000000000000e+00
6.652897972169992125e-01 0.000000000000000000e+00
6.656148874343835731e-01 0.000000000000000000e+00
6.658871185677559534e-01 0.000000000000000000e+00
6.661157610181784872e-01 0.000000000000000000e+00
6.663076696285342715e-01 0.000000000000000000e+00
6.664690952824151582e-01 0.000000000000000000e+00
6.666051051056712806e-01 0.000000000000000000e+00
6.667199556375380531e-01 0.000000000000000000e+00
6.668170870808759476e-01 0.000000000000000000e+00
6.668993186120795169e-01 0.000000000000000000e+00
6.669684959705148852e-01 0.000000000000000000e+00
6.670271938577705395e-01 0.000000000000000000e+00
6.670776640069048247e-01 0.000000000000000000e+00
6.671197149757746026e-01 0.000000000000000000e+00
6.671554945106568102e-01 0.000000000000000000e+00
6.671859380980045273e-01 0.000000000000000000e+00
6.672118473779654613e-01 0.000000000000000000e+00
6.672339074748034893e-01 0.000000000000000000e+00
6.672515363483223494e-01 0.000000000000000000e+00
6.672680629036812361e-01 0.000000000000000000e+00
6.672820459693656892e-01 0.000000000000000000e+00
6.672923177525893479e-01 0.000000000000000000e+00
6.673031116448614464e-01 0.000000000000000000e+00
6.673121604321671230e-01 0.000000000000000000e+00
6.673175981505670151e-01 0.000000000000000000e+00
6.673250056524642204e-01 0.000000000000000000e+00
6.673282756027469897e-01 0.000000000000000000e+00
6.673311394833730814e-01 0.000000000000000000e+00
6.673374086527744664e-01 0.000000000000000000e+00
