1.189632773641858821e+00 0.000000000000000000e+00
1.167054632174537199e+00 0.000000000000000000e+00
1.754480403142256062e+00 0.000000000000000000e+00
1.575084456430459579e+00 0.000000000000000000e+00
1.402268714503234648e+00 0.000000000000000000e+00
1.670405400774490623e+00 0.000000000000000000e+00
1.127610843060705470e+00 0.000000000000000000e+00
1.099838244081023042e+00 0.000000000000000000e+00
1.123975200860569235e+00 0.000000000000000000e+00
1.136138790789523512e+00 0.000000000000000000e+00
1.185945420770140313e+00 0.000000000000000000e+00
1.310683892191632616e+00 0.000000000000000000e+00
1.409219016831546822e+00 0.000000000000000000e+00
1.483671687289182195e+00 0.000000000000000000e+00
1.539704480881163517e+00 0.000000000000000000e+00
1.581762851494523003e+00 0.000000000000000000e+00
1.611969976957190909e+00 0.000000000000000000e+00
1.634706812193686076e+00 0.000000000000000000e+00
1.649004611135090226e+00 0.000000000000000000e+00
1.638034687993968674e+00 0.000000000000000000e+00
1.654814284052768869e+00 0.000000000000000000e+00
1.627095325158976813e+00 0.000000000000000000e+00
1.622228352376067662e+00 0.000000000000000000e+00
1.566877158103691325e+00 0.000000000000000000e+00
7.865687359640005649e-01 0.000000000000000000e+00
2.608910314901964345e-01 0.000000000000000000e+00
2.168352199348280163e-01 0.000000000000000000e+00
2.009813263361783786e-01 0.000000000000000000e+00
2.023284757652420440e-01 0.000000000000000000e+00
2.073862146835258047e-01 0.000000000000000000e+00
2.141330898539473004e-01 0.000000000000000000e+00
2.198339095854852099e-01 0.000000000000000000e+00
2.222503232201320511e-01 0.000000000000000000e+00
2.266685517602073929e-01 0.000000000000000000e+00
2.322585239215347874e-01 0.000000000000000000e+00
2.419195686328214911e-01 0.000000000000000000e+00
2.536879293003352354e-01 0.000000000000000000e+00
2.659583196859865994e-01 0.000000000000000000e+00
3.159936939229505692e-01 0.000000000000000000e+00
3.682318656535514267e-01 0.000000000000000000e+00
4.141564438275694426e-01 0.000000000000000000e+00
4.538975599172853648e-01 0.000000000000000000e+00
4.879115938517725182e-01 0.000000000000000000e+00
5.168011428806429386e-01 0.000000000000000000e+00
5.412017014196559561e-01 0.000000000000000000e+00
5.617293632604359876e-01 0.000000000000000000e+00
5.789487370609999184e-01 0.000000000000000000e+00
5.933650985747743745e-01 0.000000000000000000e+00
6.054174428191999580e-01 0.000000000000000000e+00
6.154853066423271457e-01 0.000000000000000000e+00
6.238907485217667359e-01 0.000000000000000000e+00
6.309067017370512120e-01 0.000000000000000000e+00
6.367627874927633824e-01 0.000000000000000000e+00
6.416514554655161628e-01 0.000000000000000000e+00
6.457335669292630920e-01 0.000000000000000000e+00
6.491434460878590107e-01 0.000000000000000000e+00
6.519926125837347541e-01 0.000000000000000000e+00
6.543744269830854554e-01 0.000000000000000000e+00
6.563664577333031547e-01 0.000000000000000000e+00
6.580330306367531135e-01 0.000000000000000000e+00
6.594280003695642822e-01 0.000000000000000000e+00
6.605961183810863391e-01 0.000000000000000000e+00
6.615745651945214023e-01 0.000000000000000000e+00
6.623944806636014038e-01 0.000000000000000000e+00
6.630817493687118924e-01 0.000000000000000000e+00
6.636580036140696803e-01 0.000000000000000000e+00
6.641413029917722088e-01 0.000000000000000000e+00
6.645467826349572560e-01 0.000000000000000000e+00
6.648869713377115742e-01 0.000000000000000000e+00
6.651725341657600543e-01 0.000000000000000000e+00
6.654121654415703357e-01 0.000000000000000000e+00
6.656133436356570510e-01 0.000000000000000000e+00
6.657822578708156858e-01 0.000000000000000000e+00
6.659241940511778646e-01 0.000000000000000000e+00
6.660432629353044698e-01 0.000000000000000000e+00
6.661432687866517544e-01 0.000000000000000000e+00
6.662272636065940112e-01 0.000000000000000000e+00
6.662978099603611426e-01 0.000000000000000000e+00
6.663570596903406473e-01 0.000000000000000000e+00
6.664068197039662023e-01 0.000000000000000000e+00
6.664486073190508675e-01 0.000000000000000000e+00
6.664836967230250986e-01 0.000000000000000000e+00
6.665131579353378299e-01 0.000000000000000000e+00
6.665378894624425232e-01 0.000000000000000000e+00
6.665583812774000805e-01 0.000000000000000000e+00
6.665759060023757065e-01 0.000000000000000000e+00
6.665905708371744343e-01 0.000000000000000000e+00
6.666028372742248687e-01 0.000000000000000000e+00
6.666126851198902470e-01 0.000000000000000000e+00
6.666213673869568757e-01 0.000000000000000000e+00
6.666319120257894193e-01 0.000000000000000000e+00
6.666348099776320257e-01 0.000000000000000000e+00
6.666406458753924014e-01 0.000000000000000000e+00
6.666454231489319371e-01 0.000000000000000000e+00
6.666506702461748590e-01 0.000000000000000000e+00
6.666531523812168070e-01 0.000000000000000000e+00
6.666551880696182097e-01 0.000000000000000000e+00
6.666569158042517929e-01 0.000000000000000000e+00
6.666583846821766413e-01 0.000000000000000000e+00
6.666596339844399477e-01 0.000000000000000000e+00
