1.190392316170918230e+00 0.000000000000000000e+00
1.167955790964202434e+00 0.000000000000000000e+00
1.672717098268216684e+00 0.000000000000000000e+00
1.166690804404204362e+00 0.000000000000000000e+00
1.517101706844095732e+00 0.000000000000000000e+00
1.876512289150479962e+00 0.000000000000000000e+00
1.822945025469750346e+00 0.000000000000000000e+00
1.437935465519174727e+00 0.000000000000000000e+00
1.252818205587930445e+00 0.000000000000000000e+00
1.180081662429095513e+00 0.000000000000000000e+00
1.167177930055093071e+00 0.000000000000000000e+00
1.168729112826552452e+00 0.000000000000000000e+00
1.184260298532013200e+00 0.000000000000000000e+00
1.207860999352627029e+00 0.000000000000000000e+00
1.232819985247999739e+00 0.000000000000000000e+00
1.254557363294698025e+00 0.000000000000000000e+00
1.293446377978685558e+00 0.000000000000000000e+00
1.420935215287943088e+00 0.000000000000000000e+00
1.532127839784358514e+00 0.000000000000000000e+00
1.573510477227138438e+00 0.000000000000000000e+00
1.318814895343507043e+00 0.000000000000000000e+00
8.991865133239257402e-01 0.000000000000000000e+00
6.232396651511639130e-01 0.000000000000000000e+00
4.472392307735849615e-01 0.000000000000000000e+00
3.403008048723873968e-01 0.000000000000000000e+00
2.803760763472203932e-01 0.000000000000000000e+00
2.657528648300836460e-01 0.000000000000000000e+00
2.585997503955235199e-01 0.000000000000000000e+00
2.553718829885800456e-01 0.000000000000000000e+00
2.667251512257196033e-01 0.000000000000000000e+00
2.872514243759083374e-01 0.000000000000000000e+00
3.106630722734818884e-01 0.000000000000000000e+00
3.352802664377200204e-01 0.000000000000000000e+00
3.600213476381075584e-01 0.000000000000000000e+00
3.841839626264766383e-01 0.000000000000000000e+00
4.073294802217030108e-01 0.000000000000000000e+00
4.292013508262474963e-01 0.000000000000000000e+00
4.496675320669714648e-01 0.000000000000000000e+00
4.686799831719573595e-01 0.000000000000000000e+00
4.862462580955457803e-01 0.000000000000000000e+00
5.024096678169291952e-01 0.000000000000000000e+00
5.172221125914021611e-01 0.000000000000000000e+00
5.307944559635665582e-01 0.000000000000000000e+00
5.431886375100843933e-01 0.000000000000000000e+00
5.544908108730054463e-01 0.000000000000000000e+00
5.647857548566860286e-01 0.000000000000000000e+00
5.741550993832380545e-01 0.000000000000000000e+00
5.826762727421005428e-01 0.000000000000000000e+00
5.904107272219831781e-01 0.000000000000000000e+00
5.974537323536817102e-01 0.000000000000000000e+00
6.038496594071259826e-01 0.000000000000000000e+00
6.096567374646973958e-01 0.000000000000000000e+00
6.149283192458432357e-01 0.000000000000000000e+00
6.197019059263009222e-01 0.000000000000000000e+00
6.240497927516426291e-01 0.000000000000000000e+00
6.279942158854197043e-01 0.000000000000000000e+00
6.315726766075120402e-01 0.000000000000000000e+00
6.348068863889988478e-01 0.000000000000000000e+00
6.377580243802905002e-01 0.000000000000000000e+00
6.404340405454047591e-01 0.000000000000000000e+00
6.428609142292315282e-01 0.000000000000000000e+00
6.450620931681200210e-01 0.000000000000000000e+00
6.470587514469672286e-01 0.000000000000000000e+00
6.488700301901245693e-01 0.000000000000000000e+00
6.505132468389875910e-01 0.000000000000000000e+00
6.520040785772858172e-01 0.000000000000000000e+00
6.533567243316885653e-01 0.000000000000000000e+00
6.545840487206604497e-01 0.000000000000000000e+00
6.556977105721596422e-01 0.000000000000000000e+00
6.567082780890359794e-01 0.000000000000000000e+00
6.576253323447052157e-01 0.000000000000000000e+00
6.584575604966770301e-01 0.000000000000000000e+00
6.592128398817400647e-01 0.000000000000000000e+00
6.598983139834168066e-01 0.000000000000000000e+00
6.605204611255703906e-01 0.000000000000000000e+00
6.610814608472325160e-01 0.000000000000000000e+00
6.615957651615267388e-01 0.000000000000000000e+00
6.620621753668295417e-01 0.000000000000000000e+00
6.624852640498374301e-01 0.000000000000000000e+00
6.628691428321150658e-01 0.000000000000000000e+00
6.632175105855190322e-01 0.000000000000000000e+00
6.635337013834681219e-01 0.000000000000000000e+00
6.638207250699437179e-01 0.000000000000000000e+00
6.640786051608232876e-01 0.000000000000000000e+00
6.643164612805568803e-01 0.000000000000000000e+00
6.645321184529353609e-01 0.000000000000000000e+00
6.647277307337225993e-01 0.000000000000000000e+00
6.649052238345601884e-01 0.000000000000000000e+00
6.650663235658630379e-01 0.000000000000000000e+00
6.652102382317047757e-01 0.000000000000000000e+00
6.653441400562476460e-01 0.000000000000000000e+00
6.654654675562290400e-01 0.000000000000000000e+00
6.655754727465855725e-01 0.000000000000000000e+00
6.656752662617353433e-01 0.000000000000000000e+00
6.657636300132394602e-01 0.000000000000000000e+00
6.658468850330967470e-01 0.000000000000000000e+00
6.659222308693883985e-01 0.000000000000000000e+00
6.659904842894603938e-01 0.000000000000000000e+00
6.660501179125611904e-01 0.000000000000000000e+00
6.661072957346438894e-01 0.000000000000000000e+00
