1.024118940129193689e+00
1.000330252668987008e+00
2.408795912262807537e+00
2.297558943757508132e+00
2.654343725300409407e+00
2.812441966763454815e+00
2.358981821569303250e+00
2.247609180048766753e+00
2.288667698746114532e+00
2.363146475586250350e+00
2.438610812889340451e+00
2.498498112429894391e+00
2.541575139766127034e+00
2.573617674804130395e+00
2.597831002784382726e+00
2.616344758831600892e+00
2.629700046569145133e+00
2.640078924865077781e+00
2.647846961610001326e+00
2.641435821626783031e+00
2.652134200665998698e+00
2.641514655183023308e+00
2.640358107900516060e+00
2.608528753741961914e+00
1.881526163442730049e+00
1.221691544469035495e+00
1.164442874425625885e+00
1.173955994961486615e+00
1.188656996577830860e+00
1.136577738320779574e+00
1.147437958253446411e+00
1.138326371840583384e+00
1.153666517591118712e+00
1.177481474197678901e+00
1.220962837474726559e+00
1.275876306520671077e+00
1.333149740235598735e+00
1.388091972796101192e+00
1.438473360454731953e+00
1.483439023645715782e+00
1.522879494196046846e+00
1.557072576843089529e+00
1.586475332082755596e+00
1.611616345927150640e+00
1.633023385574384090e+00
1.651197204273393560e+00
1.666593388709507906e+00
1.679615596485004136e+00
1.690619197925503414e+00
1.699910290951886171e+00
1.707751444658550444e+00
1.714367676310791122e+00
1.719949908487897527e+00
1.724659553332157813e+00
1.728633430103784674e+00
1.731986933739169787e+00
1.734817307159762123e+00
1.737206479656485669e+00
1.739223460050592029e+00
1.740926371650508342e+00
1.742363522241211493e+00
1.743578087267589227e+00
1.744603013349612430e+00
1.745468189877358967e+00
1.746197418110328137e+00
1.746814398472124719e+00
1.747333953400984630e+00
1.747770814377822557e+00
1.748141013106216057e+00
1.748450422630926981e+00
1.748713170860026533e+00
1.748931434068410340e+00
1.749117411111752007e+00
1.749270536613295679e+00
1.749400190600371108e+00
1.749510303349497864e+00
1.749598945235510961e+00
1.749674418579111990e+00
1.749737255482112674e+00
1.749791171560183489e+00
1.749832051105869812e+00
1.749867582001499056e+00
1.749895100246555479e+00
1.749921570271107729e+00
1.749941225124475253e+00
1.749956939922730381e+00
1.749969583914001481e+00
1.749978298724283121e+00
1.749985588858256058e+00
1.750009568329045972e+00
1.750008918160008697e+00
1.750004214156059001e+00
1.749999912880531028e+00
1.749998239873088224e+00
1.749999058632772719e+00
1.749998781643666623e+00
1.749998425694163640e+00
1.749998362657458006e+00
1.749998658087027037e+00
1.749999240013894175e+00
