1.750000056192662523e+00
1.816222118893482618e+00
1.847571564854038506e+00
1.866838094836340556e+00
1.880049036286135289e+00
1.889823121439299980e+00
1.897174556954460689e+00
1.902882656762562075e+00
1.907308815822847059e+00
1.910603053066113999e+00
1.912813928292469212e+00
1.913952068511794335e+00
1.914024201242460199e+00
1.913048203360348198e+00
1.911056939454379711e+00
1.908096339198040114e+00
1.904244273748294303e+00
1.899484809651451389e+00
1.893957283154958038e+00
1.887694789408850049e+00
1.880745685215546414e+00
1.873156910523872565e+00
1.864970550392783810e+00
1.856223352149381167e+00
1.846947057794182889e+00
1.837169019111421608e+00
1.826912911388204552e+00
1.816199458543614309e+00
1.805047123028276523e+00
1.793472737085831215e+00
1.781492066794072571e+00
1.769120309719587336e+00
1.756372532678895260e+00
1.743264059181634185e+00
1.729810817524905620e+00
1.716029660870604712e+00
1.701938670443177593e+00
1.687557452564908411e+00
1.672907439824841358e+00
1.658012206406625388e+00
1.642894216871452873e+00
1.627594470129579252e+00
1.612131893579532127e+00
1.596546709125753694e+00
1.580879780648664301e+00
1.565176263690926106e+00
1.549486927799411884e+00
1.533869118406258725e+00
1.518387786863141464e+00
1.503116701476904238e+00
1.488139894658919937e+00
1.056578512199634723e+00
9.072488967370693214e-01
8.742196794577715702e-01
9.218015640154414436e-01
1.022498418768087003e+00
1.154872260422858510e+00
1.306768565232354629e+00
1.476639621585516871e+00
1.652034003977165710e+00
1.826999657646529940e+00
1.980125926156769189e+00
2.140201888227095672e+00
2.289799507247470167e+00
2.389581967476313018e+00
2.496019014673865666e+00
2.411043000584043305e+00
2.280004811476210591e+00
2.110583657154832871e+00
1.927313014211446962e+00
1.762162707593795785e+00
1.633948485085179314e+00
1.546489302915475594e+00
1.494630198237524743e+00
1.470026546007951573e+00
1.463931471650951055e+00
1.470404232396739230e+00
1.484340486062220910e+00
1.501602460890901103e+00
1.520503660399620705e+00
1.539090237035952935e+00
1.556502421652374846e+00
1.572363522406872383e+00
1.586539229774957427e+00
1.599603158003381154e+00
1.611041172285670342e+00
1.620775402021693123e+00
1.626827420894606302e+00
1.590220423831326890e+00
1.600520260153812657e+00
1.613998956103664062e+00
1.623203511990303882e+00
1.627888614257730016e+00
1.629252441388537420e+00
1.628580823928887034e+00
1.626937540549405981e+00
1.625169697146047199e+00
1.623634072907699899e+00
1.622866002691477849e+00
1.622942130184469089e+00
1.623860544508079817e+00
1.625494036343572368e+00
1.627809017781034040e+00
1.630458631095505595e+00
1.633275639099437626e+00
1.636051876139759997e+00
1.638601400569299038e+00
1.640725190506971742e+00
1.642344957391045135e+00
1.643371165059120287e+00
1.643774815596084959e+00
1.643573759873699469e+00
1.642824017424002747e+00
1.641610630308850460e+00
1.640037508575989067e+00
1.638217100149983452e+00
1.636260897934057379e+00
1.634271602887098052e+00
1.632337438370272897e+00
1.630528767339260110e+00
1.628896866742966409e+00
1.627474501299743581e+00
1.626277824731462207e+00
1.625309110439645099e+00
1.624559852325593301e+00
1.624013875357503967e+00
1.623650180484350614e+00
1.623445356434364939e+00
1.623375480701356288e+00
1.623417500691934912e+00
1.623550135187910470e+00
1.623754366904962776e+00
1.624013611901370169e+00
1.624313654440519006e+00
1.624642430127817505e+00
1.624989728829778102e+00
1.625855590786585703e+00
1.625883781201765022e+00
1.626068192899372766e+00
1.626325965574043408e+00
1.626616069590299585e+00
1.626914708681847177e+00
1.627206562684877511e+00
1.627481145073201407e+00
1.627731142566923861e+00
1.627951572404680469e+00
1.628139290751327017e+00
1.628292663853857736e+00
1.628411321548928425e+00
1.628495955757914171e+00
1.628548144087810678e+00
1.628570187152523108e+00
1.628564953647057445e+00
1.628535730971147455e+00
1.628486081815885278e+00
1.628419708755536988e+00
1.628340329656966734e+00
1.628251566791024230e+00
1.628156852090393514e+00
1.628059350234306368e+00
1.627961900323178446e+00
1.627866975976907105e+00
1.627776662854417911e+00
1.627692651917676203e+00
1.627616246286008206e+00
1.627548379252480970e+00
1.627489640948737826e+00
1.627440311221128866e+00
1.627400396469728783e+00
1.627369668477116837e+00
1.627347703616811359e+00
1.627333921110891257e+00
1.627327619357762378e+00
1.627328009644298135e+00
1.627334246804673645e+00
1.627345456590487238e+00
1.627360759672972224e+00
1.627379292311261327e+00
1.627400223797222267e+00
1.627422770835195376e+00
1.627446209040784630e+00
1.627469881754627812e+00
1.627493206370236534e+00
1.627515678374451547e+00
1.627536873297745768e+00
1.627556446771913023e+00
1.627574132894597847e+00
1.627589741104118026e+00
1.627603151772948342e+00
1.627614310732740321e+00
1.627623222947561343e+00
1.627629945552665491e+00
1.627634580471086334e+00
1.627637266816634565e+00
1.627638173278362022e+00
1.627637490666312026e+00
1.627635424778376416e+00
1.627632189725979339e+00
1.627628001831280091e+00
1.627623074182523055e+00
1.627617611908172224e+00
1.627611808204948884e+00
1.627605841130874031e+00
1.627599871153311728e+00
1.627594039422489924e+00
1.627588466725851779e+00
1.627583253065994828e+00
1.627578477795403433e+00
1.627574200235444524e+00
1.627570460703701372e+00
1.627567281873081306e+00
1.627564670387362078e+00
1.627562618661748228e+00
1.627561106801258095e+00
1.627560104575773270e+00
1.627559573397483250e+00
1.627559468252844699e+00
1.627559739549225171e+00
1.627560334842969247e+00
1.627561200423022214e+00
1.627562282730738552e+00
1.627563529602899628e+00
1.627564891330638641e+00
1.627566321531991100e+00
1.627567777840508878e+00
1.627569222416394901e+00
1.627570622289488789e+00
1.627571949546620100e+00
1.627573181377688805e+00
1.627574299996265683e+00
1.627575292451787448e+00
1.627576150350680928e+00
1.627576869503711610e+00
1.627577449516900199e+00
1.627577893342228910e+00
1.627578206803395489e+00
1.627578398111097169e+00
1.627578477380182020e+00
1.627578456160088116e+00
1.627578346987909041e+00
1.627578162972053599e+00
1.627577917412653452e+00
1.627577623463236201e+00
1.627577293836759864e+00
1.627576940557675211e+00
1.627576574760259298e+00
1.627576206532396430e+00
1.627575844803212490e+00
1.627575497271596783e+00
1.627575170372735247e+00
1.627574869278508807e+00
1.627574597927831768e+00
1.627574359082540223e+00
1.627574154404339613e+00
1.627573984548569719e+00
1.627573849270404605e+00
1.627573747539400539e+00
1.627573677658962437e+00
1.627573637386933836e+00
1.627573624054562629e+00
1.627573634681124481e+00
1.627573666082114734e+00
1.627573714969042129e+00
1.627573778039717256e+00
1.627573852057878412e+00
1.627573933921640403e+00
1.627574020720515158e+00
1.627574109780897782e+00
1.627574198700614261e+00
1.627574285372787255e+00
1.627574367999814697e+00
1.627574445098411982e+00
1.627574515496573726e+00
1.627574578323577770e+00
1.627574632994052584e+00
1.627574679187215434e+00
1.627574716822437928e+00
1.627574746032059316e+00
1.627574767132370592e+00
1.627574780593886938e+00
1.627574787011542234e+00
1.627574787075465768e+00
1.627574781543137838e+00
1.627574771213283533e+00
1.627574756901987385e+00
1.627574739421229655e+00
1.627574719560172634e+00
1.627574698069202075e+00
1.627574675646845215e+00
1.627574652929567378e+00
1.627574630484138751e+00
1.627574608802635492e+00
1.627574588299879110e+00
1.627574569312923991e+00
1.627574552102464267e+00
1.627574536855904030e+00
1.627574523691820207e+00
1.627574512665370898e+00
1.627574503774802395e+00
1.627574496968198225e+00
