1.527859757001757579e+00
1.108758377962867359e+00
2.143017062537400541e+00
2.297645301568491227e+00
2.654686770017725017e+00
2.826296047938401390e+00
2.893674429275581161e+00
2.852021978885859177e+00
2.490736535008230668e+00
2.274935995566091052e+00
2.150547911558848391e+00
2.121695351587887135e+00
2.194528462884252740e+00
2.285419811075573016e+00
2.381409259452967220e+00
2.467779532378913121e+00
2.545386324218031682e+00
2.611894027402301255e+00
2.664008385260770773e+00
2.698617735385218097e+00
2.718530328579808142e+00
2.135470523694886325e+00
1.735340214847536311e+00
1.536934006717158629e+00
1.424325290992092041e+00
1.363088830423996534e+00
1.572950292226450442e+00
1.657411795189704273e+00
1.154655109028677407e+00
1.142451563636909473e+00
1.232769378158002249e+00
1.450545629147525384e+00
1.439993727460217254e+00
1.465064890119258223e+00
1.360200282416853312e+00
1.383930525815547430e+00
1.448690547785230986e+00
1.499308956175188001e+00
1.607394592867739558e+00
1.565438659948866329e+00
1.560626974389116128e+00
1.592732760106373213e+00
1.617764574782396103e+00
1.637495191130272421e+00
1.685811728743668247e+00
1.671438767642838163e+00
1.655038902959617531e+00
1.671387130382299357e+00
1.684161040553874500e+00
1.694149441822135449e+00
1.702090271622095141e+00
1.708509135496546261e+00
1.713781600588546672e+00
1.718177893044584792e+00
1.721893986317893699e+00
1.725073316914749189e+00
1.727821995828650037e+00
1.730219482872300096e+00
1.732326091787869338e+00
1.734188281015069943e+00
1.735842396577849778e+00
1.737317331676236476e+00
1.738638174567483263e+00
1.739825753093116489e+00
1.740890093058431010e+00
1.741847660897503758e+00
1.742705277474126291e+00
1.743477112794854289e+00
1.744172853312735860e+00
1.744796951275342956e+00
1.745359378444358622e+00
1.745865824974127900e+00
1.746320038407406905e+00
1.746729442009909095e+00
1.747096920154414867e+00
1.747426171203773970e+00
1.747720953090862395e+00
1.747985233926514059e+00
1.748223873595443401e+00
1.748434449896580922e+00
1.748622690632377630e+00
1.748789811539344097e+00
1.748940877548720518e+00
1.749076101500208757e+00
1.749197666668381057e+00
1.749306451043996402e+00
1.749402862113361934e+00
1.749488797309008525e+00
1.749564455036141997e+00
1.749631044714939909e+00
1.749688721170589600e+00
1.749738887626983264e+00
1.749784323958329946e+00
1.749823717747640117e+00
1.749857819953454019e+00
1.749889302174128192e+00
1.749915559318565350e+00
1.749937860857566863e+00
1.749959112245289106e+00
1.749975768598398762e+00
