1.750000056192662523e+00
1.888331023387645358e+00
1.955717155264087070e+00
1.993717738695214070e+00
2.016292801184610184e+00
2.030680320149043538e+00
2.040727320914437204e+00
2.047633982508676898e+00
2.050749780290182400e+00
2.048552250874999370e+00
2.039562936825950246e+00
2.022927498444840211e+00
1.998798549601243479e+00
1.968192377046948938e+00
1.932514948725908788e+00
1.893523702178170343e+00
1.852857700456560508e+00
1.811813680958469508e+00
1.771338977062779652e+00
1.732058238969062636e+00
1.694358486773246408e+00
1.658484414423174513e+00
1.624620139761579152e+00
1.592947831178947560e+00
1.563682912869530650e+00
1.537089995745673399e+00
1.513484824287862907e+00
1.493226974662098971e+00
1.476706908608682811e+00
1.464329881939484324e+00
1.456497472470846599e+00
1.453594139192251777e+00
1.455960614949011411e+00
1.463886193586541928e+00
1.477590213951076814e+00
1.497210199465651925e+00
1.522792614183829940e+00
1.554287064352716241e+00
1.591544325604382415e+00
1.634318246051433832e+00
1.682271215037253853e+00
1.734982514618006899e+00
1.791958553187196879e+00
1.852643797564908823e+00
1.916431237307932633e+00
1.982671460579317202e+00
2.050679866491486703e+00
2.119742098389018281e+00
2.189118329945284103e+00
2.258047439777119081e+00
2.325752275167674910e+00
2.467562690505256562e+00
2.622371141034593123e+00
2.715164799317564714e+00
2.753359729397453659e+00
2.756469432430202815e+00
2.739777679932040577e+00
2.712907555255303471e+00
2.675308979674079879e+00
2.637869460225025442e+00
2.618663674468248104e+00
2.603504133417286148e+00
2.590972948717736202e+00
2.587231608985794740e+00
2.582599841923435946e+00
2.584333941334392648e+00
2.590840647511111428e+00
2.604003862570944072e+00
2.623031336837787997e+00
2.647778890037387534e+00
2.676084582132729928e+00
2.703726354905370499e+00
2.740730069967194815e+00
2.779187931916324850e+00
2.831802689397232342e+00
2.842994059770620030e+00
2.855082970666150910e+00
2.883578366757955980e+00
2.944946797554155005e+00
2.894399575769996069e+00
2.784704632970937510e+00
2.866733144069965267e+00
2.789892735923997780e+00
2.659362505912523655e+00
2.524836602179528988e+00
2.402996326208098665e+00
2.296560806416144018e+00
2.204234179916181535e+00
2.229745958508733139e+00
2.034965222397073781e+00
1.951280772943608577e+00
1.895829877569850996e+00
1.867953056524505717e+00
1.858900876056091667e+00
1.866706282802218508e+00
1.882300496002627277e+00
1.882476628963255960e+00
1.911878860666831326e+00
1.944567883742197356e+00
1.949503540885848540e+00
1.945820763634860562e+00
1.945916142707186047e+00
1.951051557547994086e+00
1.959489475285033810e+00
1.970505534259854752e+00
1.984228924575613728e+00
2.000700798045451645e+00
2.019571240071170060e+00
2.040220161351212980e+00
2.061887741311160482e+00
2.083719042381402708e+00
2.104795499631988864e+00
2.124204329638998079e+00
2.141142461774080630e+00
2.155032400404575554e+00
2.165615987000406140e+00
2.173049459440335340e+00
2.177699890443822284e+00
2.180532889895061999e+00
2.182960724750614201e+00
2.188000173084206246e+00
2.194116194632774075e+00
2.199599674439659314e+00
2.211886305295339028e+00
2.230598643024562566e+00
2.252277560846892790e+00
2.278991278619292515e+00
2.309168457314634715e+00
2.341822206504693860e+00
2.376125291480317259e+00
2.411452312324025460e+00
2.447168263662254262e+00
2.482656739133684898e+00
2.517359096781447647e+00
2.550769582012796022e+00
2.582357176387007236e+00
2.611017032671958393e+00
2.638133475078022094e+00
2.660301507228139073e+00
2.675820693059772104e+00
2.688257822371608707e+00
2.700017120002369708e+00
2.709192059314463386e+00
2.712461580807123518e+00
2.704050682741311995e+00
2.690177067774613739e+00
2.671801579728716458e+00
2.651386323779006737e+00
2.625614604210992020e+00
2.597270407488939892e+00
2.569578652479330039e+00
2.544386127275017451e+00
2.517668506052822330e+00
2.492113827976006224e+00
2.467087148475925140e+00
2.448403110882537703e+00
2.433109966654118050e+00
2.418792682996384613e+00
2.403751903187189232e+00
2.387027979959134960e+00
2.368327819989923810e+00
2.347891868007957683e+00
2.326312744040324176e+00
2.304351206619356773e+00
2.282775301245234534e+00
2.262237993927105784e+00
2.243205847574485379e+00
2.225936155564035346e+00
2.210421988298521434e+00
2.194802200085911981e+00
2.176209718879543065e+00
2.153095020871279353e+00
2.124779763775192620e+00
2.091140803961024641e+00
2.052427533150605221e+00
2.009146400014124367e+00
1.961980846862237948e+00
1.911730598604172382e+00
1.859262423342983084e+00
1.805468764891950073e+00
1.751245820761279326e+00
1.697393344527764469e+00
1.644747185475023521e+00
1.593989449134742609e+00
1.545721685176114191e+00
1.500445545182681029e+00
1.458555274150274306e+00
1.420336154192964440e+00
1.385967141920259049e+00
1.355526846625631832e+00
1.329002139544932737e+00
1.306298675989926883e+00
1.287252599398440500e+00
1.271642721326881498e+00
1.259202544583357675e+00
1.249631613689194287e+00
1.242605824491476385e+00
1.237786485253411950e+00
1.234828076229466109e+00
1.233384787039575103e+00
1.233116008840870803e+00
1.233691014568065514e+00
1.234793074252523493e+00
1.236123227618146414e+00
1.237403880785878929e+00
1.238382318631061407e+00
1.238834140946354800e+00
1.238621444197938626e+00
1.239119395047557415e+00
1.242858870800968685e+00
1.251502125295453682e+00
1.266051872151387370e+00
1.287084499593532438e+00
1.314893391297732528e+00
1.349575104653754298e+00
1.391082034326146522e+00
1.439255755622001365e+00
1.493849138615789052e+00
1.554589222444904273e+00
1.620931210259038302e+00
1.692621800924562603e+00
1.769108230194408327e+00
1.849825275614988218e+00
1.934144507549383496e+00
2.021340488667957569e+00
2.110549881514040216e+00
2.200720334846671733e+00
2.290555234116463890e+00
2.378468512843585625e+00
2.462571535672011258e+00
2.540718783704903228e+00
2.610630799703487437e+00
2.667724988614028181e+00
2.709714916892589809e+00
2.739068150972242321e+00
2.757312469980000458e+00
2.765810405370991099e+00
2.766083909377810013e+00
2.759850492134886313e+00
2.748907777497027194e+00
2.734967666929067232e+00
2.719509938074331501e+00
2.703690763492061055e+00
2.688312128400063283e+00
2.673839726053805599e+00
2.661203176549665983e+00
2.648070194671396038e+00
2.634771462560271615e+00
2.623925259356308715e+00
2.610974820353733516e+00
2.599938572965722727e+00
2.588368961759798026e+00
2.574411686573048641e+00
2.557983505111879108e+00
2.540724033651530878e+00
2.520992026879411263e+00
2.503390962307859624e+00
2.489920182252772118e+00
2.469994298094576379e+00
2.445487288620132205e+00
2.423633123092915564e+00
2.407652414477657654e+00
2.397984249517011612e+00
2.391471511041422637e+00
2.388284010551368297e+00
2.387700171270408678e+00
2.387244468738844994e+00
2.385011641629941614e+00
2.380080248121966946e+00
2.372137972813620266e+00
2.361221417145160650e+00
2.347576813170983989e+00
2.331581057853266081e+00
2.313683189219009950e+00
2.294354298103290724e+00
2.274045308849332869e+00
2.253153157493849701e+00
2.231995064329883149e+00
2.210790317218033874e+00
2.189649319769403135e+00
2.168569909960728292e+00
2.147440942508189732e+00
2.126052937147436595e+00
2.104115293087037042e+00
2.081279211736999368e+00
2.057164964942336027e+00
2.031391712217556211e+00
2.003607541718329443e+00
1.973517155464182160e+00
1.940904579173321931e+00
1.905840497240230746e+00
1.869525794960440024e+00
1.833375006704698551e+00
1.798816439075860973e+00
1.767268253877752215e+00
1.739965997645515294e+00
1.717882301671538769e+00
1.701719127479620619e+00
1.691910908361248911e+00
1.688625329794561258e+00
