1.000008633469545272e+00
1.000029950169215809e+00
2.285784233017458256e+00
2.382528330732023747e+00
2.700193889236569333e+00
2.758956256339999857e+00
2.316331069282985489e+00
2.218229664434614890e+00
2.276265252494956925e+00
2.366031164458454406e+00
2.445975436242334045e+00
2.507772781050916944e+00
2.555467246294693240e+00
2.591014685601992440e+00
2.610826545250231945e+00
2.627467727323376856e+00
2.637614840586570253e+00
2.647662434006799792e+00
2.653471340199692996e+00
2.661458221039697314e+00
2.664945479955536545e+00
2.666512621725666055e+00
2.666461084228727518e+00
2.654787069960629964e+00
2.479514928825548026e+00
1.540452804499970574e+00
1.088025622738632014e+00
9.008500881767499413e-01
8.595881383254652119e-01
8.890854327487704989e-01
9.522701840706824239e-01
1.029431829842117230e+00
1.109622726866490439e+00
1.187019361970597320e+00
1.258723827262384853e+00
1.323542997969082036e+00
1.381210858374633865e+00
1.431964084472176379e+00
1.476302982460035329e+00
1.514824733654429600e+00
1.548158719523542004e+00
1.576917627318981552e+00
1.601669429409164680e+00
1.622934069382530264e+00
1.641182448723740750e+00
1.656824006973167007e+00
1.670223821165186529e+00
1.681694412799265681e+00
1.691513992022532165e+00
1.699920136307894847e+00
1.707112848156290053e+00
1.713272183014180383e+00
1.718544756852091293e+00
1.723058428958931021e+00
1.726926966633913763e+00
1.730240448801366071e+00
1.733079684922884667e+00
1.735513033073369904e+00
1.737598821286481687e+00
1.739386857158104593e+00
1.740919702485895337e+00
1.742233752876598984e+00
1.743360152657841056e+00
1.744327046141649795e+00
1.745153037741618451e+00
1.745861514761337663e+00
1.746468445014923709e+00
1.746989669106609577e+00
1.747433229690201983e+00
1.747815024050334287e+00
1.748139089304141969e+00
1.748418439593808937e+00
1.748654709039452859e+00
1.748858815166917990e+00
1.749032530639738514e+00
1.749178573765650224e+00
1.749305763393452562e+00
1.749414104386818547e+00
1.749509628827142116e+00
1.749592765005680839e+00
1.749687071067856703e+00
1.749719118133081119e+00
1.749747881450642639e+00
1.749775668165951092e+00
1.749802071250102342e+00
1.749826702199706485e+00
1.749861384375958728e+00
1.749878175812025427e+00
1.749892726549960864e+00
1.749906016178031098e+00
1.749918102390052965e+00
1.749928986890786575e+00
1.749938695014721102e+00
1.749947276339734792e+00
1.749954798337984174e+00
1.749961340405385757e+00
1.749966988897719400e+00
1.749971833119472908e+00
1.749975962152018116e+00
1.749982528157822070e+00
