1.024118940129193689e+00
1.002143147641700871e+00
2.339966410302528388e+00
2.304680326005167146e+00
2.648124935958442450e+00
2.807607917358594385e+00
2.774370358373420054e+00
2.572888237620240659e+00
2.472557154527376788e+00
2.430081606236432989e+00
2.417177873862430548e+00
2.418729056633889929e+00
2.426897392028418032e+00
2.437634743419446970e+00
2.449764698723531531e+00
2.459139317875070674e+00
2.479770343900005614e+00
2.544361704091778975e+00
2.601286646952877479e+00
2.619719085882122656e+00
2.363618431292857203e+00
1.954744201180926844e+00
1.693573536092746634e+00
1.532771027325257496e+00
1.438689378945500641e+00
1.388548919740871579e+00
1.366947867644953796e+00
1.363820765256412937e+00
1.372405287460836343e+00
1.388150768957584269e+00
1.407992041740568911e+00
1.429898565457783821e+00
1.452533129070956663e+00
1.475009044385753310e+00
1.496776904565615851e+00
1.517506234705791268e+00
1.537014346836429679e+00
1.555217448385079360e+00
1.572097007872707009e+00
1.587676642407533034e+00
1.602006277570768411e+00
1.615150621478629978e+00
1.627179001457226271e+00
1.638181847633048083e+00
1.648226763757589808e+00
1.657388879499793966e+00
1.665740033808405407e+00
1.673348000030706828e+00
1.680274222088486535e+00
1.686578226646255896e+00
1.692321026855690302e+00
1.697546395688933174e+00
1.702300422525585999e+00
1.706621668952889248e+00
1.710555290237577131e+00
1.714136407489495584e+00
1.717393315665618037e+00
1.720349813119084414e+00
1.723045832932936117e+00
1.725498609438364639e+00
1.727728904765261531e+00
1.729757115008460300e+00
1.731601711977977409e+00
1.733279428002255207e+00
1.734805436176370952e+00
1.736193506228622674e+00
1.737456141078104643e+00
1.738604697777801800e+00
1.739649495455203532e+00
1.740599912167559937e+00
1.741464472135198616e+00
1.742250924512168453e+00
1.742966314642921732e+00
1.743617048602491559e+00
1.744208951704714128e+00
1.744741218347271472e+00
1.745238244274600170e+00
1.745683938110305089e+00
1.746088778577945755e+00
1.746456782551994102e+00
1.746791347705725306e+00
1.747095516341203414e+00
1.747372033137087666e+00
1.747617240980994247e+00
1.747854026733089539e+00
1.748061685616656202e+00
1.748249820303443336e+00
1.748420655208515528e+00
1.748575812100682469e+00
1.748711007329306621e+00
1.748847293559138816e+00
1.748963410821407383e+00
1.749068093694425841e+00
1.749163036784647574e+00
1.749244571294396922e+00
1.749330009533251573e+00
1.749400929725279941e+00
1.749464252473689196e+00
1.749519048313046721e+00
1.749575964189840960e+00
