1.750000056192662523e+00
1.816222118893482618e+00
1.847571564854038506e+00
1.866838094836340556e+00
1.880049036286135289e+00
1.889823121439299980e+00
1.897174556954460689e+00
1.902882656762562075e+00
1.907308815822847059e+00
1.910603053066113999e+00
1.912813928292469212e+00
1.913952068511794335e+00
1.914024201242460199e+00
1.913048203360348198e+00
1.911056939454379711e+00
1.908096339198040114e+00
1.904244273748294303e+00
1.899484809651451389e+00
1.893957283154958038e+00
1.887694789408850049e+00
1.880745685215546414e+00
1.873156910523872565e+00
1.864970550392783810e+00
1.856223352149381167e+00
1.846947057794182889e+00
1.837169019111421608e+00
1.826912911388204552e+00
1.816199458543614309e+00
1.805047123028276523e+00
1.793472737085831215e+00
1.781492066794072571e+00
1.769120309719587336e+00
1.756372532678895260e+00
1.743264059181634185e+00
1.729810817524905620e+00
1.716029660870604712e+00
1.701938670443177593e+00
1.687557452564908411e+00
1.672907439824841358e+00
1.658012206406625388e+00
1.642894216871452873e+00
1.627594470129579252e+00
1.612131893579532127e+00
1.596546709125753694e+00
1.580879780648664301e+00
1.565176263690926106e+00
1.549486927799411884e+00
1.533869118406258725e+00
1.518387786863141464e+00
1.503116701476904238e+00
1.488139894658919937e+00
1.056581544485105217e+00
9.072650855723682906e-01
8.741478453319528885e-01
9.216117021023604305e-01
1.022179073375211189e+00
1.154450126529026122e+00
1.306286736821488770e+00
1.481501749341519902e+00
1.651334095918577161e+00
1.826933677164343406e+00
1.980009656275167007e+00
2.140528868270053398e+00
2.289481295304583774e+00
2.388736439482844531e+00
2.495425792061216619e+00
2.408911241014553895e+00
2.277968811150683948e+00
2.108782853095271470e+00
1.925885110850485304e+00
1.761205304557019069e+00
1.633436979797481037e+00
1.546323175982845299e+00
1.494694504450449379e+00
1.469944589772264498e+00
1.464391377291668572e+00
1.470903837523121815e+00
1.484673046599807922e+00
1.501735918568155137e+00
1.520538834422529240e+00
1.539214518927013442e+00
1.556669364861016369e+00
1.572512294398863864e+00
1.586678005537691227e+00
1.599732070298250264e+00
1.611119194731612581e+00
1.620858317259863401e+00
1.626840500504368681e+00
1.589480851976394771e+00
1.600737064156092071e+00
1.614235681189485128e+00
1.623325476974037951e+00
1.627916250370740503e+00
1.629226096040137017e+00
1.628532672580187857e+00
1.626888331417674527e+00
1.625130590253278662e+00
1.623609899289749414e+00
1.622856460635255127e+00
1.622944429315029913e+00
1.623872159753362743e+00
1.625509067802180851e+00
1.627822269607835715e+00
1.630466590191072651e+00
1.633275595423692828e+00
1.636042116034169158e+00
1.638581350391273395e+00
1.640695064756537702e+00
1.642306051138314515e+00
1.643325435787594602e+00
1.643724688950344071e+00
1.643521878371968503e+00
1.642772994008187215e+00
1.641562830905952008e+00
1.639994883288950600e+00
1.638181075380601426e+00
1.636232332878122531e+00
1.634250805332191359e+00
1.632324228112768782e+00
1.630522571723294956e+00
1.628896831969725456e+00
1.627479604787996248e+00
1.626286977062636918e+00
1.625321239481854363e+00
1.624573965935822262e+00
1.624029102275697412e+00
1.623665791568188688e+00
1.623460769725669550e+00
1.623390254450163273e+00
1.623431318452290384e+00
1.623562786654444867e+00
1.623765727469310249e+00
1.624023623123549642e+00
1.624322306863445364e+00
1.624649749184946756e+00
1.624995764047651114e+00
1.625859731451544388e+00
1.625888589105579651e+00
1.626071842420576452e+00
1.626328189492308063e+00
1.626617049908367862e+00
1.626914681594592071e+00
1.627205732811039418e+00
1.627479681837644243e+00
1.627729192371569988e+00
1.627949268694791840e+00
1.628136759046889814e+00
1.628290022866691888e+00
1.628408682026766918e+00
1.628493418340641430e+00
1.628545796992677541e+00
1.628568104168710118e+00
1.628563192700978046e+00
1.628534333384009436e+00
1.628485072281411483e+00
1.628419096000322197e+00
1.628340107699361772e+00
1.628251716683383421e+00
1.628157344011833096e+00
1.628060145795918956e+00
1.627962954952525632e+00
1.627868241262266702e+00
1.627778088748266683e+00
1.627694188721581225e+00
1.627617846362640286e+00
1.627549998432989975e+00
1.627491239624213382e+00
1.627441855122830239e+00
1.627401857159112675e+00
1.627371023570970410e+00
1.627348936780917743e+00
1.627335021860380149e+00
1.627328582700159565e+00
1.627328835600442947e+00
1.627334939839939043e+00
1.627346024985560247e+00
1.627361214859918359e+00
1.627379648197071482e+00
1.627400496093891480e+00
1.627422976412352451e+00
1.627446365314337395e+00
1.627470006122546220e+00
1.627493315704563237e+00
1.627515788576533451e+00
1.627536998922010092e+00
1.627556600721509206e+00
1.627574326190537768e+00
1.627589982727776219e+00
1.627603448579874490e+00
1.627614667434182483e+00
1.627623642155173300e+00
1.627630427878978381e+00
1.627635124678737277e+00
1.627637870007966114e+00
1.627638831116524631e+00
1.627638197618549221e+00
1.627636174372644184e+00
1.627632974812062816e+00
1.627628814838367743e+00
1.627623907366051004e+00
1.627618457579741662e+00
1.627612658940031931e+00
1.627606689950572783e+00
1.627600711677185785e+00
1.627594865990941830e+00
1.627589274491453963e+00
1.627584038054131543e+00
1.627579236935600360e+00
1.627574931365207700e+00
1.627571162547521766e+00
1.627567953999563999e+00
1.627565313147736337e+00
1.627563233113252572e+00
1.627561694618881782e+00
1.627560667955851192e+00
1.627560114956329018e+00
1.627559990923755917e+00
1.627560246480624695e+00
1.627560829300132017e+00
1.627561685695619875e+00
1.627562762048121003e+00
1.627564006058499491e+00
1.627565367816501407e+00
1.627566800684362214e+00
1.627568261996602761e+00
1.627569713582605049e+00
1.627571122120720748e+00
1.627572459336217969e+00
1.627573702057345972e+00
1.627574832144927264e+00
1.627575836312575408e+00
1.627576705854522743e+00
1.627577436298702551e+00
1.627578027002020367e+00
1.627578480704083619e+00
1.627578803054989809e+00
1.627579002131279484e+00
1.627579087952909287e+00
1.627579072012297567e+00
1.627578966825481643e+00
1.627578785512920900e+00
1.627578541416575986e+00
1.627578247757820895e+00
1.627577917339434244e+00
1.627577562293408775e+00
1.627577193875031636e+00
1.627576822302496007e+00
1.627576456640480007e+00
1.627576104724884232e+00
1.627575773125980341e+00
1.627575467145614629e+00
1.627575190844999131e+00
1.627574947098302305e+00
1.627574737667872640e+00
1.627574563296713572e+00
1.627574423813713533e+00
1.627574318247869467e+00
1.627574244947624260e+00
1.627574201701726730e+00
1.627574185858881473e+00
1.627574194443162758e+00
1.627574224263373059e+00
1.627574272014065127e+00
1.627574334367220210e+00
1.627574408053329424e+00
1.627574489931375101e+00
1.627574577047309567e+00
1.627574666681111948e+00
1.627574756382541565e+00
1.627574843996447695e+00
1.627574927677849281e+00
1.627575005898016514e+00
1.627575077442353413e+00
1.627575141401043979e+00
1.627575197153841913e+00
1.627575244349616979e+00
1.627575282882228747e+00
1.627575312863428936e+00
1.627575334593913681e+00
1.627575348533454758e+00
1.627575355270800550e+00
1.627575355494276899e+00
1.627575349963443552e+00
1.627575339482611128e+00
1.627575324876446849e+00
1.627575306968036983e+00
1.627575286559633794e+00
1.627575264416239564e+00
1.627575241251993265e+00
1.627575217719493317e+00
1.627575194401734038e+00
1.627575171806798116e+00
1.627575150364832801e+00
1.627575130427270311e+00
1.627575112268066837e+00
1.627575096086475215e+00
1.627575082011450736e+00
1.627575070106944910e+00
1.627575060378275928e+00
1.627575052779044906e+00
