1.022161065964618754e+00
1.000311837984179331e+00
2.348253716657097812e+00
2.193475663844016932e+00
2.624787907700457001e+00
2.826974472173498398e+00
2.728822638938899203e+00
2.591604338824483822e+00
2.516027058392714899e+00
2.474771488094996030e+00
2.451692381129278786e+00
2.439136883122414723e+00
2.432589618298115930e+00
2.428147362574238688e+00
2.425429291674965349e+00
2.453162294467198912e+00
2.495352849787083827e+00
2.519584053281136882e+00
2.256936151915529098e+00
2.037588691841063504e+00
1.878781273659414275e+00
1.764835100364649856e+00
1.684077123253376218e+00
1.627918675396894832e+00
1.589980638700953186e+00
1.565521725943288089e+00
1.550953703970947339e+00
1.543640506807564705e+00
1.541589971228514599e+00
1.543311807569591521e+00
1.547690829405987012e+00
1.553894228194210303e+00
1.561302020125335144e+00
1.569454728940018029e+00
1.578064852172182508e+00
1.586759462151789313e+00
1.595441410884047784e+00
1.603984205415137643e+00
1.612297800514584489e+00
1.620321647664599407e+00
1.628017120955553176e+00
1.635361787801014710e+00
1.642345074943419858e+00
1.648964997371296981e+00
1.655696198618155979e+00
1.661414617929396709e+00
1.666837808339236560e+00
1.671981603280580320e+00
1.676847771200151049e+00
1.681441808417139194e+00
1.685771720846687582e+00
1.689847194837321487e+00
1.693678978723677897e+00
1.697278422654075580e+00
1.700657139440649779e+00
1.703826757596117014e+00
1.706798744273794632e+00
1.709584280953235336e+00
1.712194178710500836e+00
1.714638823017480718e+00
1.716928140418963356e+00
1.719071581290565476e+00
1.721078114305276241e+00
1.722956229326209288e+00
1.724713946273147336e+00
1.726358828139548773e+00
1.727897996811124104e+00
1.729338150692979692e+00
1.730685583417868489e+00
1.731946203105101389e+00
1.733125551785073437e+00
1.734228824711089745e+00
1.735260889358242853e+00
1.736226303965958007e+00
1.737129335522269669e+00
1.737973977118134172e+00
1.738763964622301428e+00
1.739502792643794926e+00
1.740193729761544184e+00
1.740839833010391358e+00
1.741443961620384950e+00
1.742008790012562036e+00
1.742536820059675806e+00
1.743030392624824287e+00
1.743491698394792788e+00
1.743922788028268611e+00
1.744325581641961609e+00
1.744701877660066902e+00
1.745053361054508922e+00
1.745381611004971578e+00
1.745688108008871309e+00
1.745974240472210948e+00
1.746241310812625347e+00
1.746490541105986338e+00
1.746723078307632626e+00
1.746939999078728656e+00
1.747142314247414063e+00
1.747330972933353710e+00
1.747506866363060185e+00
1.747670831401981317e+00
