1.363295836737976607e+00
2.311715562648966049e+00
2.589609328664975507e+00
2.746155353035346636e+00
2.826331108274117376e+00
2.844089778247565370e+00
2.813784513533916787e+00
2.749566424034633805e+00
2.664088285417229862e+00
2.567831765359299023e+00
2.468893149166865975e+00
2.373087832482614790e+00
2.284248645591458349e+00
2.204610722900095965e+00
2.135203475902418102e+00
2.076201015033595887e+00
2.027208763508483891e+00
1.987482519905137135e+00
1.956086824583843198e+00
1.932003977152756402e+00
1.914205668095567470e+00
1.901701632218955051e+00
1.893555172018342780e+00
1.888906440766097816e+00
1.886975028665654364e+00
1.887070961003451730e+00
1.888584996371439395e+00
1.890986662521583872e+00
1.893822258677194892e+00
1.896710863996215579e+00
1.899339956851083366e+00
1.901460741613812733e+00
1.902883224011658214e+00
1.903471063016240139e+00
1.903136232842626008e+00
1.901833542963537127e+00
1.899555080417456576e+00
1.896324652780329689e+00
1.892192319587548521e+00
1.887229103435235755e+00
1.881521969326701127e+00
1.875169152581386722e+00
1.868275902754164441e+00
1.860950694952569817e+00
1.853301942024792925e+00
1.845435222796105279e+00
1.837451024100554609e+00
1.829442978734278524e+00
1.821496568459551657e+00
1.813688251123067641e+00
1.806084964010802540e+00
1.798743951630881632e+00
1.791712864847999409e+00
1.785030079368105538e+00
1.778725184414261307e+00
1.772819596617884796e+00
1.767327259172553733e+00
1.762255391778642100e+00
1.757605262441382710e+00
1.753372957595032755e+00
1.749550132023947047e+00
1.746124724574523501e+00
1.743081629597502236e+00
1.740403317436159281e+00
1.738070400037436958e+00
1.736062140033576728e+00
1.734356903386331750e+00
1.732932557019412290e+00
1.731768628062011262e+00
1.730841056371042797e+00
1.730127807233891257e+00
1.729607783043448865e+00
1.729260646569423798e+00
1.729066952506868926e+00
1.729008251619735148e+00
1.729067167097570135e+00
1.729227446438372784e+00
1.729473991988185411e+00
1.729792873013511034e+00
1.730171321969389275e+00
1.730597717383238088e+00
1.731061555557890541e+00
1.731553413086215354e+00
1.732064901971201554e+00
1.732588618959734816e+00
1.733118090520857635e+00
1.733647714748555613e+00
1.734172701299850683e+00
1.734689010358939854e+00
1.735193291477157285e+00
1.735682823023274368e+00
1.736155448876569807e+00
1.736609922457471367e+00
1.737045936241814470e+00
1.737461093077938834e+00
1.737854961131159115e+00
1.738227479100095563e+00
1.738578840578517415e+00
1.738909453688630924e+00
1.739219904774622405e+00
