1.023093980951583326e+00
1.000400458628466271e+00
2.421141113263050038e+00
2.294064140549728403e+00
2.652268658310571681e+00
2.811110971357903665e+00
2.377610786868042503e+00
2.249837474348926669e+00
2.285131139562458280e+00
2.359765750277381002e+00
2.435945364577477790e+00
2.493508863703391754e+00
2.536948232496555988e+00
2.569707179447072942e+00
2.594546375280627259e+00
2.613691266174604788e+00
2.627207442223955525e+00
2.637958581127524127e+00
2.644913366837421620e+00
2.638805489457765496e+00
2.652951906362027046e+00
2.637097315877193981e+00
2.638348311941190349e+00
2.606907166655879848e+00
1.859691449421441600e+00
1.226045405902521424e+00
1.178748106856460698e+00
1.186717452298548636e+00
1.219537195783667816e+00
1.176969200978503327e+00
1.161219110159380286e+00
1.167968732596286863e+00
1.157711314671681313e+00
1.179773082093378500e+00
1.211451222904483149e+00
1.261756127834029684e+00
1.318198890332201056e+00
1.374170067523460270e+00
1.426378298980110815e+00
1.473396615662081910e+00
1.514821628210894833e+00
1.550794189384771427e+00
1.581720527097786100e+00
1.608125642760157792e+00
1.630555944875682339e+00
1.649541700031446290e+00
1.665568336885806300e+00
1.679073315328318383e+00
1.690436772932136122e+00
1.699990791458236394e+00
1.708017775316360565e+00
1.714759659783361423e+00
1.720421230570363225e+00
1.725175373180999117e+00
1.729167692555370284e+00
1.732520384918478484e+00
1.735336688570785268e+00
1.737702520045663723e+00
1.739689827921368170e+00
1.741360269520153548e+00
1.742763676713901866e+00
1.743942386192594007e+00
1.744933796040298191e+00
1.745765580267380379e+00
1.746465561581555415e+00
1.747051958703230046e+00
1.747544862728323878e+00
1.747959422383571049e+00
1.748305244280614179e+00
1.748596979986694944e+00
1.748839208811256984e+00
1.749042851316988223e+00
1.749213064741748980e+00
1.749356431517715915e+00
1.749473372787955006e+00
1.749571937282587308e+00
1.749653856908928162e+00
1.749721784425697590e+00
1.749777972218827582e+00
1.749824322595527226e+00
1.749862441527215928e+00
1.749893683133319611e+00
1.749919187971008094e+00
1.749939916000813334e+00
1.749955217141254460e+00
1.749970791096976175e+00
1.749981599816413880e+00
1.749989961454340825e+00
1.749995466160313429e+00
1.750002654502114563e+00
1.750004935770904879e+00
1.750020604525957424e+00
1.750017052055963251e+00
1.750011320354026179e+00
1.750006615038180113e+00
1.750005756497072795e+00
1.750004055595145935e+00
1.750002506281640891e+00
1.750001469338421378e+00
1.750000986895472677e+00
