1.527859757001757579e+00
1.108758377962867359e+00
2.143017062537400541e+00
2.297645301568491227e+00
2.654686770017725017e+00
2.826296047938401390e+00
2.893674429275581161e+00
2.852021978885859177e+00
2.490736535008230668e+00
2.274935995566091052e+00
2.150547911558848391e+00
2.121695351587887135e+00
2.194528462884252740e+00
2.285419811075573016e+00
2.381409259452967220e+00
2.467779532378913121e+00
2.545393098411661725e+00
2.611426159441332384e+00
2.663542181323737879e+00
2.689870306261473054e+00
2.627547700716738710e+00
2.120892875278161505e+00
1.787057454406370205e+00
1.574287963959178249e+00
1.444018018233370837e+00
1.369490398516601370e+00
1.332910871961836108e+00
1.321362814379442696e+00
1.326144221904513198e+00
1.341268721721941670e+00
1.362621981361378243e+00
1.387392161990066430e+00
1.413675654942167181e+00
1.440202843254757337e+00
1.466146438833055843e+00
1.490986997270687731e+00
1.514418271586682962e+00
1.536280481533475406e+00
1.556513239350331368e+00
1.575122371700170776e+00
1.592156595369489613e+00
1.607691194539028867e+00
1.621816678021704927e+00
1.634630978204426821e+00
1.646234165583407183e+00
1.656724945355105838e+00
1.666198411059565565e+00
1.674742149714585793e+00
1.682410900161955825e+00
1.689320116644178249e+00
1.695559708499814855e+00
1.701186502005094026e+00
1.706254578408300748e+00
1.710814978356451022e+00
1.714914955432549348e+00
1.718600455115120385e+00
1.721908994632666001e+00
1.724878284429457675e+00
1.727543302246745016e+00
1.729932588515991299e+00
1.732074919470787178e+00
1.733994682775422458e+00
1.735716955659823535e+00
1.737260577654686777e+00
1.738636450406638057e+00
1.739871600401550422e+00
1.740983241135314330e+00
1.741957973921812064e+00
1.742845459779300832e+00
1.743639401627025354e+00
1.744348275655931868e+00
1.744981238845642268e+00
1.745546405573352278e+00
1.746050971622559178e+00
1.746501338295417760e+00
1.746903216336986642e+00
1.747266625749717361e+00
1.747581134801549752e+00
1.747864075270632700e+00
1.748117644815757155e+00
1.748344090740836299e+00
1.748545896522835985e+00
1.748725503369793710e+00
1.748885188154373438e+00
1.749027034743566800e+00
1.749158043483722613e+00
1.749267212074314015e+00
1.749363972705902492e+00
1.749450649838848904e+00
1.749527788033218290e+00
1.749601926051374878e+00
1.749659443309609763e+00
1.749710343689718783e+00
1.749756171110739000e+00
1.749797020938682390e+00
1.749839508980368441e+00
1.749867844689980245e+00
1.749893098363243027e+00
1.749916034922038177e+00
1.749936667990634742e+00
