1.022161065964618754e+00
1.001758316914379998e+00
2.255764244216146075e+00
2.433744949577683947e+00
2.764789761166302817e+00
2.874990793335264083e+00
2.767167384705834454e+00
2.601448954777316303e+00
2.502325020416605206e+00
2.449453272311999275e+00
2.425514621580301178e+00
2.419077888290588785e+00
2.422237393016393625e+00
2.430447885004698882e+00
2.440807452829441004e+00
2.485018024105893453e+00
2.536567982601458215e+00
2.565521156043880868e+00
2.414553556298678405e+00
2.096917862702321056e+00
1.874323978269939683e+00
1.721885598030048259e+00
1.619876426914133916e+00
1.553844575867442845e+00
1.513301995780635956e+00
1.490667496434716188e+00
1.480580555751544569e+00
1.479163754592591751e+00
1.483643797556829291e+00
1.492024732640945039e+00
1.502869611553254714e+00
1.515164782050417713e+00
1.528195882583915033e+00
1.541464996140896382e+00
1.554630453902097420e+00
1.567463081093710464e+00
1.579814393414882723e+00
1.591593485885712589e+00
1.602750248975311376e+00
1.613263193518367888e+00
1.623131172906369546e+00
1.632359391422435024e+00
1.640981590870858930e+00
1.649016445015659027e+00
1.656493429207205326e+00
1.663443622127407373e+00
1.669898543531587398e+00
1.675889372532378241e+00
1.681446427732984361e+00
1.686598834925721491e+00
1.691374328236471269e+00
1.695798337181835924e+00
1.699894179052875653e+00
1.703691628869822949e+00
1.707207614989423750e+00
1.710462425588552104e+00
1.713474986572706360e+00
1.716262911809355307e+00
1.718839673918508559e+00
1.721225894462384831e+00
1.723435077776003688e+00
1.725478089482813004e+00
1.727367193452862271e+00
1.729113778789407974e+00
1.730728401950140549e+00
1.732220847763123572e+00
1.733600186091656781e+00
1.734874824230228096e+00
1.736052555316236479e+00
1.737140603057277577e+00
1.738145663067581115e+00
1.739073941091667574e+00
1.739931188374085114e+00
1.740722734412292194e+00
1.741453517308241716e+00
1.742128111913841426e+00
1.742750755946630203e+00
1.743321049866220829e+00
1.743856318727658117e+00
1.744345800057660156e+00
1.744797092645761438e+00
1.745213274391573810e+00
1.745597057687918952e+00
1.745950936248007679e+00
1.746277207886272498e+00
1.746577992214158659e+00
1.746855243985463879e+00
1.747110770166694138e+00
1.747346241247894838e+00
1.747563200445845233e+00
1.747763073254367860e+00
1.747944504880765582e+00
1.748118607461263796e+00
1.748274587889326881e+00
1.748417867311818252e+00
1.748549777568282781e+00
1.748671211967818717e+00
1.748782981271837178e+00
1.748885831617291053e+00
1.748980451150445425e+00
