1.750000056192662523e+00
1.856961163958840366e+00
1.867696104765136145e+00
1.867438970993729797e+00
1.870227750294329194e+00
1.877935910016027554e+00
1.889723776445745740e+00
1.902102974383469203e+00
1.913362377475021248e+00
1.923043293935323472e+00
1.929471617322788601e+00
1.931101782929183219e+00
1.928090519407650305e+00
1.921489133004137484e+00
1.912195191315784637e+00
1.902349574817230327e+00
1.891448777431802064e+00
1.880242598722205560e+00
1.871442021846956738e+00
1.863101165538106230e+00
1.854980149017513957e+00
1.847087096484382851e+00
1.839366709922304555e+00
1.831685628119003706e+00
1.823867638724735896e+00
1.815730492735920798e+00
1.807114427833805159e+00
1.797900973773325140e+00
1.788022725087207609e+00
1.777465403942285249e+00
1.766263822015220475e+00
1.754493517274406500e+00
1.742259877277584357e+00
1.729686455285833091e+00
1.716903921487284990e+00
1.704040702591551160e+00
1.691215915915957879e+00
1.678534775612478214e+00
1.666086302005380437e+00
1.653942935106158085e+00
1.642161544591288713e+00
1.630785321557659984e+00
1.619846100525109467e+00
1.609366760110870764e+00
1.599363459898451190e+00
1.589847730634368350e+00
1.580862356497010790e+00
1.572467699372761318e+00
1.564646188980791219e+00
1.557350063893919501e+00
1.550543855318839981e+00
1.236153285550154912e+00
1.104487671099335433e+00
1.080382557029146318e+00
1.116594531305566296e+00
1.182781042926019710e+00
1.259724168907822905e+00
1.335749091052974791e+00
1.404315113319984265e+00
1.462309353551157987e+00
1.508842851520202810e+00
1.544421107962301587e+00
1.570373827246091869e+00
1.588451026862526039e+00
1.600527638460260249e+00
1.608389825698293807e+00
1.613593218003656293e+00
1.617386527760384274e+00
1.620690075723831391e+00
1.624114313546295874e+00
1.628002241236039316e+00
1.632481987615418184e+00
1.637520027792889188e+00
1.642969937613873999e+00
1.648614863022668242e+00
1.654203691079660921e+00
1.659507836853997720e+00
1.664413091097443065e+00
1.668811062396535316e+00
1.672600657455664219e+00
1.675729329592457351e+00
1.678137475991144267e+00
1.679898456754022940e+00
1.681077985484426440e+00
1.681783764357466016e+00
1.682146800724081848e+00
1.682306832902661586e+00
1.682399864859091876e+00
1.682548381136104165e+00
1.682854733796852909e+00
1.683397762655099328e+00
1.684232295490075915e+00
1.685390896442729325e+00
1.686887110140155688e+00
1.688719468548360636e+00
1.690875639192075397e+00
1.693336251224903055e+00
1.696078108129750017e+00
1.699076650042052883e+00
1.702307652266461080e+00
1.705748234188205092e+00
1.709377305672318048e+00
1.713175601172649998e+00
1.717125451762614663e+00
1.721210429045201273e+00
1.725502588635377199e+00
1.729773651592699579e+00
1.734128833777841994e+00
1.738572723846868007e+00
1.743091364457192149e+00
1.747667674986726816e+00
1.752284968574259416e+00
1.756928007557692073e+00
1.761583296355505146e+00
1.766239119833565852e+00
1.770885494383013237e+00
1.775514075978075867e+00
1.780118031378698618e+00
1.784691872622139686e+00
1.789314588096295289e+00
1.793808870489344454e+00
1.798238496051847157e+00
1.802630082335650918e+00
1.806984987078753324e+00
1.811299864773037616e+00
1.815570819639216182e+00
1.819794096281015072e+00
1.823966070652882188e+00
1.828083140980655941e+00
1.832141640577102493e+00
1.836137789406125265e+00
1.840067679287966662e+00
1.843624245535484540e+00
1.847562462696881402e+00
1.851369306848664520e+00
1.855056563535112391e+00
1.858630505893745344e+00
1.862095378955090696e+00
1.865453495141842000e+00
1.868705565682394099e+00
1.871851112146365459e+00
1.874888840557828562e+00
1.877816946562786526e+00
1.880633351522662977e+00
1.883335879168045235e+00
1.885922384296862431e+00
1.888390844085208187e+00
1.890739420874379961e+00
1.892966503552251378e+00
1.895070733110421290e+00
1.897050534059815163e+00
2.208411680613215466e+00
2.349889333814745296e+00
2.380771213801371022e+00
2.347633968208426847e+00
2.282468851199958682e+00
2.206026262954981387e+00
2.130193347203753973e+00
2.061240770949373413e+00
2.001806450880735166e+00
1.952169507291895645e+00
1.911593388688968220e+00
1.878866959135988335e+00
1.852683268790183302e+00
1.831825732176367350e+00
1.812859494131268789e+00
1.801035247576976639e+00
1.791312855699047191e+00
1.783371447182841241e+00
1.776913014219289710e+00
1.771676715584534767e+00
1.767440699525729908e+00
1.764019556529273114e+00
1.761260088882568908e+00
1.759036662768303394e+00
1.757246764413708640e+00
1.755807028672453196e+00
1.754649821166699653e+00
1.753720362346482764e+00
1.752974346503348713e+00
1.752375974974844652e+00
1.751896323038182768e+00
1.751512061261881081e+00
1.751204394263645270e+00
1.750958189766553819e+00
1.750761271922988804e+00
1.750603849835884684e+00
1.750478055858876392e+00
1.750377572639992163e+00
1.750297331838120751e+00
1.750233270745047420e+00
1.750182135719514864e+00
1.750141323484514233e+00
1.750108753058299937e+00
1.750082762471115050e+00
1.750062025532920007e+00
1.750045484816908026e+00
1.750032297751570542e+00
1.750021793303997431e+00
1.750013437215252932e+00
1.750006804136435390e+00
1.750001555328311476e+00
1.749997420842245965e+00
1.749994185306617434e+00
1.749991676610316960e+00
1.749989756910483418e+00
1.749988315497979841e+00
1.749987263160456941e+00
1.749986527734257002e+00
1.749986050577154950e+00
1.749985783804125727e+00
1.749985688118473881e+00
1.749985731109171772e+00
1.749985885914091099e+00
1.749986130169881804e+00
1.749986445185824024e+00
1.749986815292142506e+00
1.749987227323791084e+00
1.749987670209189883e+00
1.749988134640096504e+00
1.749988612804225685e+00
1.749989098166358836e+00
1.749989585287107019e+00
1.749990069671029991e+00
1.749990547637831462e+00
1.749991016211915662e+00
1.749991473026724087e+00
1.749991916241204315e+00
1.749992344466393623e+00
1.749992756700599505e+00
1.749993152272021124e+00
1.749993530787894214e+00
1.749993892089475533e+00
1.749994236212243148e+00
1.749994563350832921e+00
1.749994873828286668e+00
1.749995168069218288e+00
1.749995446576542601e+00
1.749995709911434716e+00
1.749995958676212604e+00
1.749996193499855579e+00
1.749996415025875773e+00
1.749996623902279058e+00
1.749996820773386030e+00
1.749997006273271483e+00
1.749997181020610082e+00
1.749997345614740629e+00
1.749997500632779257e+00
1.749997646627591941e+00
1.749997784126520184e+00
1.749997913630705337e+00
1.749998035614904524e+00
1.749998150527704466e+00
1.749998258792047068e+00
1.749998360805984365e+00
1.749998456943609559e+00
1.749998547556106399e+00
1.749998632972884938e+00
1.749998713502749048e+00
1.749998789435080582e+00
1.749998861041017539e+00
1.749998928574605372e+00
1.749998992273905873e+00
1.749999052362061658e+00
1.749999109048308021e+00
1.749999162528918628e+00
1.749999212988101238e+00
1.749999260598826156e+00
1.749999305523600501e+00
1.749999347915183634e+00
1.749999387917249960e+00
1.749999425664997776e+00
1.749999461285716151e+00
1.749999494899296959e+00
1.749999526618719603e+00
1.749999556550487778e+00
1.749999584795032703e+00
1.749999611447094594e+00
1.749999636596062391e+00
1.749999660326296613e+00
1.749999682717428229e+00
1.749999703844633325e+00
1.749999723778886462e+00
1.749999742587208029e+00
1.749999760332882293e+00
1.749999777075667229e+00
1.749999792871994142e+00
1.749999807775148408e+00
1.749999821835449110e+00
1.749999835100402912e+00
1.749999847614871040e+00
1.749999859421202508e+00
1.749999870559379556e+00
1.749999881067142660e+00
1.749999890980119321e+00
1.749999900331935088e+00
1.749999909154326794e+00
1.749999917477245814e+00
1.749999925328957096e+00
1.749999932736129082e+00
