1.023093980951583326e+00
2.169160691765025017e+00
2.544407059294220730e+00
2.784966982195065111e+00
2.908720486835496999e+00
2.895893445707919067e+00
2.806034599793982842e+00
2.722166274821983478e+00
2.668249441797744037e+00
2.624413752448832238e+00
2.504368609528860201e+00
2.349512752477898925e+00
2.221035003683503373e+00
2.115382251897408139e+00
2.029835505675195328e+00
1.961737275826110016e+00
1.908468438376347276e+00
1.867573370485243078e+00
1.836826112750761464e+00
1.814258181259186031e+00
1.798162586753512038e+00
1.787083703098807153e+00
1.779799230117358189e+00
1.775298225798906726e+00
1.772757692191596401e+00
1.771519234665493325e+00
1.771066694012527698e+00
1.771005257580963832e+00
1.771042309043751706e+00
1.770970123396773843e+00
1.770650420524935154e+00
1.770000733750322297e+00
1.768982514443953713e+00
1.767590872398180579e+00
1.765845838172305893e+00
1.763785024446836935e+00
1.761457558534571310e+00
1.758919156382481308e+00
1.756228042071469764e+00
1.753442193028977192e+00
1.750617325001926350e+00
1.747805143209447909e+00
1.745051727928354834e+00
1.742396967873019342e+00
1.739874371233094852e+00
1.737511112297045468e+00
1.735328269361114284e+00
1.733341201651665830e+00
1.731560021257641191e+00
1.729990123736755647e+00
1.728632748010553222e+00
1.727485588234315195e+00
1.726543111978287026e+00
1.725797585223728836e+00
1.725239046252842634e+00
1.724856043267886996e+00
1.724635987979730611e+00
1.724565524968488583e+00
1.724630857064213929e+00
1.724818027408019372e+00
1.725113160181245497e+00
1.725502662515475905e+00
1.725973390494974780e+00
1.726512782298784021e+00
1.727108961666879328e+00
1.727750814798666656e+00
1.728428043766545574e+00
1.729131199346289893e+00
1.729851696054969912e+00
1.730581811965457684e+00
1.731314675702043893e+00
1.732044242821485280e+00
1.732765263572039416e+00
1.733473243851024748e+00
1.734164400977800558e+00
1.734835607542527747e+00
1.735484346557899293e+00
1.736108696126302142e+00
1.736707234717442816e+00
1.737278992255612220e+00
1.737823400942198226e+00
1.738340247450646636e+00
1.738829627018247059e+00
1.739291899832992261e+00
1.739727650019189831e+00
1.740137647438463331e+00
1.740522812446584577e+00
1.740884183680214026e+00
1.741222888890520126e+00
1.741540118792163749e+00
1.741837103855630620e+00
1.742115093937784742e+00
1.742375340619090274e+00
1.742619082095623551e+00
1.742847530458898397e+00
1.743061861188214268e+00
1.743263204669082356e+00
1.743452639558389805e+00
1.743631187808285521e+00
1.743799811171895087e+00
