1.750000056192662523e+00
1.868634997314291279e+00
1.923277072869547188e+00
1.953808407399814762e+00
1.970747881768834420e+00
1.978468386165904480e+00
1.979276355461806469e+00
1.974631740658011392e+00
1.964704668735957949e+00
1.949964965577009268e+00
1.930506143873862879e+00
1.906555208215587882e+00
1.878507051766450164e+00
1.846919414688467320e+00
1.812475194257547884e+00
1.775930321672816614e+00
1.738060853034286923e+00
1.699617043289136209e+00
1.661287795808118251e+00
1.623676174508351444e+00
1.587285215907963121e+00
1.552512626181848043e+00
1.519652745637775970e+00
1.488904173027887579e+00
1.460381528580311894e+00
1.434129939164596079e+00
1.410140936773277343e+00
1.388368583685442248e+00
1.368744791023168705e+00
1.351192992065736842e+00
1.335854323169068048e+00
1.324324532174295577e+00
1.318395799740049057e+00
1.319391319214720193e+00
1.328296571678724725e+00
1.345829114930118031e+00
1.372459862417992005e+00
1.408397802591870862e+00
1.453596483652666027e+00
1.507403239782032722e+00
1.569153078756345465e+00
1.637376713794019611e+00
1.710218998160161430e+00
1.785186995414986599e+00
1.859763197954399594e+00
1.931260598040341225e+00
1.997358635370786839e+00
2.056461993845100089e+00
2.107969391741292942e+00
2.152328131644439146e+00
2.190820308165188912e+00
2.330100417849598760e+00
2.468310433045655561e+00
2.550628319015195267e+00
2.588583644943009077e+00
2.596599265817128632e+00
2.585936463924281004e+00
2.563430843747793730e+00
2.533891611240956632e+00
2.500975206802366291e+00
2.467534880481225379e+00
2.435723519296528750e+00
2.407028656016437562e+00
2.382334204605957240e+00
2.362029455626744934e+00
2.346216237814612082e+00
2.334383714996694614e+00
2.324210827300072779e+00
2.311593525699129792e+00
2.294141650338521021e+00
2.270655025381720371e+00
2.240651715780376918e+00
2.204087456749311613e+00
2.161195660541490149e+00
2.112402260862550563e+00
2.058285744919807758e+00
1.999561626521583868e+00
1.937076476735590358e+00
1.871801464647245172e+00
1.804819645547857121e+00
1.737123411704009524e+00
1.668945642710685018e+00
1.603992960562921954e+00
1.540665076552112378e+00
1.483228875835428395e+00
1.431730810545186250e+00
1.386086146242643924e+00
1.346489922011091078e+00
1.312781241268884624e+00
1.285946846935842602e+00
1.269852986383836146e+00
1.263485290585537157e+00
1.265476152238369512e+00
1.275410585621115978e+00
1.293109285848724754e+00
1.318373777617400489e+00
1.350991207290512808e+00
1.389777702829298800e+00
1.433618988886937062e+00
1.480536624136978396e+00
1.527962305722251113e+00
1.573114468012630551e+00
1.612775706223438688e+00
1.643411843783613380e+00
1.662086011769651428e+00
1.666779280690669829e+00
1.656757406882350070e+00
1.632636258985612487e+00
1.596704032148675623e+00
1.552436082993061905e+00
1.503847888017785461e+00
1.456314101520493010e+00
1.415666897115805956e+00
1.385893542520667543e+00
1.369439715152450887e+00
1.367410098161059295e+00
1.379766134535738820e+00
1.405623639671218061e+00
1.443558806681801920e+00
1.491857349683497258e+00
1.548690291761900095e+00
1.612226494125833076e+00
1.680698725402898663e+00
1.752437906423047531e+00
1.825757545256831094e+00
1.898897178425603460e+00
1.970777411350334907e+00
2.040454830498509509e+00
2.106960807065494379e+00
2.169213563779060383e+00
2.226198467859458852e+00
2.277185982825952415e+00
2.321656500339300599e+00
2.359490999578603088e+00
2.390282387632951089e+00
2.414152746594482757e+00
2.431838302343278801e+00
2.443035929340183987e+00
2.449148284312602009e+00
2.450138875708495423e+00
2.447069150071921051e+00
2.440720074186194744e+00
2.431625010605451109e+00
2.420818221619483790e+00
2.399375614556560343e+00
2.369737384284997361e+00
2.366003792275076734e+00
2.365651881241102927e+00
2.363234203291256552e+00
2.360203807104862328e+00
2.358196626825047382e+00
2.357663641857858039e+00
2.358651353054510569e+00
2.360503797514073465e+00
2.362155381688851641e+00
2.359920739916241850e+00
2.350523684431628624e+00
2.332281987005419666e+00
2.304632205401698553e+00
2.267752555712251095e+00
2.222286731064564425e+00
2.169110677409298304e+00
2.109416499456204797e+00
2.044192680139591101e+00
1.974668148147183722e+00
1.902072682559167394e+00
1.827671717756886638e+00
1.752767101290565455e+00
1.678683912271894174e+00
1.606890882833993395e+00
1.539672480376823804e+00
1.476024715463473136e+00
1.419209630180602755e+00
1.368047803804769202e+00
1.323038740803551772e+00
1.285601896548723477e+00
1.256824956865596254e+00
1.237861132408713427e+00
1.230319395598117760e+00
1.230071649347841634e+00
1.237822250880274755e+00
1.254593839021266310e+00
1.279907706603217621e+00
1.313116760235603753e+00
1.353612763989368917e+00
1.400206889783591535e+00
1.451335060461637738e+00
1.504590648451044732e+00
1.557498618225748199e+00
1.606812983252355220e+00
1.648696816958595379e+00
1.679606408975985676e+00
1.696444946032551471e+00
1.697070750835825148e+00
1.680878120498167316e+00
1.649185704773179939e+00
1.605226703561648982e+00
1.553318068733892332e+00
1.498825858169166469e+00
1.448735792555915891e+00
1.408729289779704352e+00
1.382226642550475226e+00
1.370663229964079077e+00
1.374105513614722218e+00
1.391661036073406965e+00
1.421882910602218386e+00
1.463054390706490793e+00
1.513375434724942181e+00
1.571081388198423578e+00
1.634512241066887084e+00
1.702141829092890912e+00
1.772581702239003576e+00
1.844807096144658543e+00
1.917730328022912989e+00
1.989722484347993037e+00
2.059279091247237403e+00
2.125177932172098050e+00
2.186321418598957678e+00
2.241831885632322940e+00
2.291051387719786891e+00
2.333322003152291213e+00
2.368874027789120262e+00
2.397557694843315268e+00
2.419156011069452994e+00
2.434766303886560124e+00
2.443974737426217736e+00
2.448238889181924893e+00
2.447742816998719650e+00
2.443187304563194662e+00
2.435527921033365573e+00
2.425558931112759886e+00
2.420441228081714247e+00
2.422742407161582623e+00
2.407746286193587881e+00
2.381738568737734152e+00
2.359699752294855735e+00
2.344110621140441442e+00
2.335019586590984630e+00
2.331788755838403837e+00
2.332683497945827966e+00
2.336322872946197116e+00
2.341410882046032871e+00
2.345215725598336576e+00
2.343571510770795285e+00
2.334015863674887559e+00
2.315327501300017410e+00
2.287110569590345310e+00
2.249550271604401352e+00
2.203246355996466566e+00
2.149158870760118134e+00
2.088170467906968142e+00
2.021744626011242829e+00
1.951152680043895193e+00
1.877772878943061441e+00
1.803021182694537483e+00
1.728315646519873461e+00
1.655047917504992139e+00
1.583728347082519861e+00
1.516534482614211088e+00
1.454757898464032584e+00
1.398317122053253314e+00
1.350441140646807092e+00
1.310536791922427335e+00
1.278380698491241807e+00
1.254275532648831515e+00
1.235766230025789669e+00
1.227422087747693569e+00
1.230015478790104311e+00
1.241588056095622505e+00
1.260843256653171540e+00
1.287599044232410339e+00
1.320888839343784538e+00
1.360228403733887870e+00
1.404337091374264546e+00
1.451992592074713428e+00
1.501112414261644545e+00
1.548848490421653512e+00
1.592232608612736078e+00
1.628081948574057414e+00
1.653061575048781151e+00
1.664697686033858925e+00
1.661680619176921558e+00
1.644180769900061234e+00
1.613695641765700683e+00
1.573147427494193007e+00
1.526432856065421451e+00
1.479307039156987136e+00
1.437789407424127752e+00
1.406236552661807249e+00
1.387524431781746337e+00
1.383030744684424107e+00
1.392911546701191661e+00
1.416431105407925051e+00
1.452255424727077360e+00
1.498706601538110306e+00
1.553954079669593424e+00
1.616144322081125351e+00
1.683480689095605332e+00
1.754266603347944598e+00
1.826838421779797716e+00
