1.027784717908129197e+00
1.000980314111683089e+00
2.367858067646459563e+00
2.307506373446542192e+00
2.660273801128945070e+00
2.750303303960211387e+00
2.350941673688754729e+00
2.264467669603575484e+00
2.309481408473089026e+00
2.380925277062942769e+00
2.449289053098632873e+00
2.505264085359551807e+00
2.549178665509963970e+00
2.583014254984969504e+00
2.605807908058106914e+00
2.622738855778266931e+00
2.635759081754636135e+00
2.645032544336964886e+00
2.652053569080560447e+00
2.651226984938305442e+00
2.653979583994944491e+00
2.649410712361421893e+00
2.646634479421598130e+00
2.612425200713023976e+00
1.908425133583252498e+00
1.243541498746752350e+00
1.125785356768879586e+00
1.082838840378474110e+00
1.062745926251113193e+00
1.079390033963113282e+00
1.078347864056502070e+00
1.108471931726787263e+00
1.145078552801585214e+00
1.199051662317621503e+00
1.258694515633263844e+00
1.317784269148613685e+00
1.373192625224047392e+00
1.423528336633042901e+00
1.468364333406412925e+00
1.507788318184320353e+00
1.542150554795320261e+00
1.571917985109726024e+00
1.597592965441707591e+00
1.619668514879464727e+00
1.638606875873094726e+00
1.654827288564117538e+00
1.668704191398229675e+00
1.680567035042077162e+00
1.690703122232903421e+00
1.699361356429827108e+00
1.706756310216710038e+00
1.713072280848556339e+00
1.718467131743956156e+00
1.723075816992667431e+00
1.727012806954462576e+00
1.730378462802649508e+00
1.733253771274728461e+00
1.735713274217622004e+00
1.737815307373968610e+00
1.739611345246304008e+00
1.741148968184595747e+00
1.742461424463102482e+00
1.743584366705454247e+00
1.744545777393798458e+00
1.745364502406426599e+00
1.746065140371998226e+00
1.746665267700816759e+00
1.747174054979051760e+00
1.747609610296258165e+00
1.747980960614272217e+00
1.748297314533726166e+00
1.748566563246288119e+00
1.748795486967576807e+00
1.748989908898942680e+00
1.749154827290762881e+00
1.749294530598868525e+00
1.749412697225725122e+00
1.749512481447731638e+00
1.749593612842525125e+00
1.749668018711050266e+00
1.749727499525969510e+00
1.749773867901862623e+00
1.749815784921883388e+00
1.749850968168204401e+00
1.749880093223945554e+00
1.749900716641902276e+00
1.749943361702067879e+00
1.749953149031505673e+00
1.749956755654421103e+00
1.749961750349010359e+00
1.749968352959514695e+00
1.749971750316234420e+00
1.749974387666076492e+00
1.749977123383598787e+00
1.749980133858834996e+00
1.749983313931945617e+00
1.749986481954307838e+00
1.749989472597131446e+00
1.749992168902840373e+00
1.749996009794198226e+00
