3.794901466464719153e+00
3.849053831010515125e+00
3.189304801041134674e+00
2.535755619281180095e+00
2.348400426425150123e+00
2.226786979428158730e+00
2.138266553891031041e+00
2.079232433861725404e+00
2.318645753327852166e+00
2.493560047099302679e+00
2.585252299084744632e+00
2.627938064425979103e+00
2.643570294808777810e+00
2.587336708484512027e+00
2.517063796677773357e+00
2.462433950283284823e+00
2.425342228450344528e+00
2.395819646316163620e+00
2.391241663629672054e+00
2.476709903395904799e+00
2.602558736638495240e+00
2.289737198162509646e+00
1.624678576678233677e+00
1.288026873717667442e+00
1.136092391818041225e+00
1.087625617250255861e+00
1.094102493753334793e+00
1.129129891794341978e+00
1.177617466179400996e+00
1.230981490151549451e+00
1.284439233943238001e+00
1.335432756922465325e+00
1.382702018955493273e+00
1.425737389749536455e+00
1.464455556823921478e+00
1.499007669542040233e+00
1.529666067428661069e+00
1.556757775473896155e+00
1.580625874323176250e+00
1.601607559216327692e+00
1.620022114802468494e+00
1.636164894900383082e+00
1.650304842812636785e+00
1.662684105880851693e+00
1.673518907091076979e+00
1.683001091820949036e+00
1.691300028950826650e+00
1.698564663298651745e+00
1.704925579889756460e+00
1.710496998584212225e+00
1.715378650308850172e+00
1.719657507885980818e+00
1.723409359189651102e+00
1.726700220338856839e+00
1.729587593274364732e+00
1.732121576305339916e+00
1.734345838715315224e+00
1.736298471768499718e+00
1.738012728821675346e+00
1.739517667001914569e+00
1.740838702267293758e+00
1.741998088785251531e+00
1.743015332557658725e+00
1.743907548176005795e+00
1.744689766561104527e+00
1.745375200566084084e+00
1.745975474420924378e+00
1.746500822182227353e+00
1.746960259626572087e+00
1.747361733387914562e+00
1.747712250583995708e+00
1.748017991696880102e+00
1.748284409060825162e+00
1.748516312958958485e+00
1.748717947031008801e+00
1.748893054440645578e+00
1.749044936036293407e+00
1.749176501557936136e+00
1.749290314789334833e+00
1.749388633425897677e+00
1.749473444319373128e+00
1.749546494668420493e+00
1.749609319646148409e+00
1.749663266889761815e+00
1.749709518221270521e+00
1.749749108920618301e+00
1.749782944831802300e+00
1.749811817547727300e+00
1.749836417889600870e+00
1.749857347870893420e+00
1.749875131313817445e+00
1.749890223265971434e+00
1.749903018348522910e+00
1.749913858156147750e+00
1.749923037807681547e+00
1.749930811742290926e+00
1.749937398844097158e+00
1.749942986968497705e+00
1.749947736935961728e+00
1.749951786052109881e+00
