2.426589717448578654e+00
2.448340457671389192e+00
2.094852580971465095e+00
2.097559987872119169e+00
2.209022033276355046e+00
2.214543951731064109e+00
2.159175705666228406e+00
2.116107451918053606e+00
2.421205031507314587e+00
2.623183044992797530e+00
2.715768850849141991e+00
2.760435133742406233e+00
2.802038217262864617e+00
2.808089751819299984e+00
2.786434824702225921e+00
2.758510829018168131e+00
2.731547119403682888e+00
2.708163630208274331e+00
2.689152109889352271e+00
2.675938595135750386e+00
2.668802543717626374e+00
2.655221167124639514e+00
2.395806770176540201e+00
1.601279948416482135e+00
1.204448726520837898e+00
1.024850377402906076e+00
9.661857318460411737e-01
9.734111997498732238e-01
1.014912643061401054e+00
1.072541528454032722e+00
1.135984029218269686e+00
1.199506729050665133e+00
1.260054709831896158e+00
1.316132557688496352e+00
1.367143690719353710e+00
1.412999894726302719e+00
1.453890229754325913e+00
1.490147203860897829e+00
1.522166100795185217e+00
1.550359198878242584e+00
1.575130169385994261e+00
1.596860794055771748e+00
1.615903071611372033e+00
1.632576923701146043e+00
1.647170255163033392e+00
1.659939518066793740e+00
1.671111872549815969e+00
1.680887968558417267e+00
1.689443914054842732e+00
1.696933961556162052e+00
1.703492948477442814e+00
1.709238561934391498e+00
1.714273412131350316e+00
1.718686907312645396e+00
1.722556931818190140e+00
1.725951335011806753e+00
1.728929243002026883e+00
1.731542207535577305e+00
1.733835207596396977e+00
1.735847519432077490e+00
1.737623106944798046e+00
1.739178538974021748e+00
1.740531201637098402e+00
1.741717743198757828e+00
1.742952054217819180e+00
1.743771350238330298e+00
1.744505306853406879e+00
1.745165888374366148e+00
1.745757984300659427e+00
1.746286071769435289e+00
1.746754813296908626e+00
1.747169081740310048e+00
1.747533841772188179e+00
1.747853997541793047e+00
1.748134260053169076e+00
1.748379053445449971e+00
1.748592460250911529e+00
1.748778198042918453e+00
1.748939618438117405e+00
1.749079720576867114e+00
1.749201173087330918e+00
1.749306340323428799e+00
1.749397310095958336e+00
1.749475921158519576e+00
1.749543789429791163e+00
1.749602332409939009e+00
1.749652791552680275e+00
1.749696252541058650e+00
1.749733663524359883e+00
1.749765851433509045e+00
1.749793536521259796e+00
1.749817345283638303e+00
1.749837821918245107e+00
1.749855438467964097e+00
1.749870603788494794e+00
1.749883671466646806e+00
1.749894946820597097e+00
1.749904693055609917e+00
1.749913136541694669e+00
1.749920471788688925e+00
