1.750000056192662523e+00
1.888331023387645358e+00
1.955681689217104502e+00
1.993640710279738881e+00
2.016204269566706841e+00
2.030604120168543414e+00
2.040651134983358705e+00
2.047509167567608035e+00
2.050516654065848599e+00
2.048170566995615616e+00
2.039027129502768432e+00
2.022302155327506679e+00
1.998131532624034090e+00
1.967325128916171728e+00
1.931711201212458207e+00
1.892944101357554754e+00
1.852391810418765994e+00
1.811589920961337308e+00
1.771111775537397737e+00
1.732275210933203358e+00
1.694829859042306319e+00
1.659304951382550852e+00
1.626256421565506871e+00
1.590439077755074759e+00
1.562911776291485921e+00
1.529524943034452633e+00
1.513095331834354740e+00
1.495466225876570743e+00
1.480734295302103432e+00
1.465212732490096759e+00
1.454298518369676829e+00
1.449998875621103300e+00
1.452287300465989750e+00
1.460929640334498236e+00
1.490040815590123913e+00
1.515816629276347971e+00
1.524924658044539250e+00
1.554187954858804677e+00
1.591804364610654110e+00
1.632253730573331119e+00
1.679577114964135642e+00
1.729583601877245691e+00
1.785999658790006883e+00
1.850734558928595508e+00
1.919388270146271669e+00
1.982461552793211901e+00
2.050429546181488760e+00
2.111420116461871999e+00
2.177780262071790318e+00
2.243100064412767658e+00
2.308441199972536939e+00
2.437565454532625520e+00
2.632254628235849658e+00
2.682345860366963208e+00
2.754062139713016055e+00
2.769256788529488311e+00
2.760670733288297374e+00
2.709815135853327117e+00
2.686784494791853106e+00
2.665989088528499362e+00
2.646838420560743810e+00
2.639997341382253282e+00
2.694702361494714538e+00
2.636570523378609199e+00
2.603062992669777920e+00
2.619644679411430310e+00
2.637631464604274889e+00
2.593461154302658223e+00
2.575817895773128363e+00
2.575675425529930340e+00
2.564025937132749622e+00
2.568668530980928733e+00
2.564702213980944112e+00
2.558239953262213540e+00
2.541184493810990652e+00
2.510798824430501952e+00
2.490950812264999481e+00
2.441947135433449212e+00
2.428266439083065720e+00
2.389315398606435270e+00
2.367533468510189643e+00
2.521019112493531278e+00
2.370893773262212179e+00
2.319579328950625907e+00
2.316668032847073455e+00
2.329116364666948158e+00
2.349391863693162996e+00
2.373150367740445077e+00
2.397322432160156502e+00
2.407976996164477690e+00
2.394046320206276945e+00
2.458461305935786712e+00
2.452050308686576585e+00
2.403379648006923830e+00
2.350900127624317104e+00
2.304972872668626493e+00
2.263456156125600582e+00
2.224386197927454401e+00
2.187924475300416560e+00
2.154699936135152427e+00
2.124913079132253024e+00
2.098461866504984119e+00
2.075247145909806523e+00
2.055280767895230287e+00
2.038653768588864157e+00
2.025483477840797075e+00
2.015877616147191187e+00
2.009906105953922939e+00
2.007571841614541608e+00
2.008782553312810748e+00
2.013329478877404988e+00
2.020877406801095511e+00
2.030969605690430502e+00
2.043050687323828107e+00
2.056509069460858541e+00
2.070722570571787102e+00
2.085152912325754393e+00
2.099137377659954673e+00
2.112545230805570995e+00
2.126470649580319172e+00
2.141896374245052304e+00
2.153858121384444324e+00
2.167717897333410804e+00
2.184520838054451630e+00
2.204515959985431817e+00
2.231034164846842582e+00
2.256348634602549197e+00
2.283086541187530294e+00
2.316445865304546103e+00
2.353303008597966262e+00
2.390952643269808497e+00
2.428573464621939237e+00
2.465938495340254555e+00
2.502596860545734714e+00
2.537983838723263830e+00
2.571447299943659281e+00
2.602432426254106090e+00
2.631755050863428647e+00
2.654208213520751869e+00
2.670433754159842188e+00
2.684393872286658045e+00
2.697581780992366340e+00
2.707197359653155111e+00
2.709809631088677229e+00
2.700040253861554440e+00
2.687008194337373368e+00
2.669156152651710912e+00
2.648357090316878271e+00
2.622594482465978594e+00
2.594886292776169334e+00
2.568254613080777293e+00
2.544306779313082245e+00
2.517981782227488807e+00
2.490675607673224157e+00
2.468550869064311648e+00
2.451724721905005566e+00
2.437384734526249819e+00
2.423309746151279587e+00
2.408002136122369130e+00
2.390689661317717540e+00
2.371242263026262176e+00
2.350031396831919306e+00
2.327744127041880162e+00
2.305196739698776920e+00
2.283178420218613613e+00
2.262337042128101494e+00
2.243117727133920880e+00
2.225749296914548037e+00
2.210194574895829156e+00
2.194559586110439664e+00
2.175969010323616004e+00
2.152869129279378235e+00
2.124577474865818161e+00
2.090967052563160511e+00
2.052283886782772182e+00
2.009031732637814649e+00
1.961892122666610394e+00
1.911663660853137658e+00
1.859212694046859404e+00
1.805431792502261601e+00
1.751217653905216665e+00
1.697370714224962107e+00
1.644727604747187932e+00
1.593971137130342441e+00
1.545703478052952162e+00
1.500426773394873070e+00
1.458535635583700918e+00
1.420315599939968365e+00
1.385945782556756045e+00
1.355504880881448937e+00
1.328979803710131025e+00
1.306276210663168680e+00
1.287230229658405944e+00
1.271620646595902571e+00
1.259180934993448187e+00
1.249610610423714130e+00
1.242585542228934248e+00
1.237767015417388983e+00
1.234809490224184625e+00
1.233367139019764913e+00
1.233099337834522746e+00
1.233675345954045044e+00
1.234778420706845292e+00
1.236109589698211053e+00
1.237391247335725808e+00
1.238370667175359152e+00
1.238823438207347305e+00
1.238611626128604204e+00
1.239110257190628062e+00
1.242850244372768920e+00
1.251493899869213777e+00
1.266043977039300605e+00
1.287076891517646038e+00
1.314886047007506109e+00
1.349568016489537614e+00
1.391075207409183889e+00
1.439249205931849795e+00
1.493842891542783713e+00
1.554583312521258698e+00
1.620925675422925538e+00
1.692616689005088437e+00
1.769103591487346971e+00
1.849821161242746204e+00
1.934140966350438529e+00
2.021337562536508869e+00
2.110547599162963195e+00
2.200718704090829814e+00
2.290554233195838840e+00
2.378468081997714201e+00
2.462571571022341477e+00
2.540719136215948026e+00
2.610631265840249959e+00
2.667725279659067805e+00
2.709715131427833157e+00
2.739068121341267759e+00
2.757312081600600706e+00
2.765809608367907124e+00
2.766082719019281821e+00
2.759848978109557649e+00
2.748906045555254085e+00
2.734965837977097358e+00
2.719508129371400962e+00
2.703689074845332829e+00
2.688310634195676840e+00
2.673838472405584366e+00
2.661202071622479348e+00
2.648069318810566841e+00
2.634770833322666483e+00
2.623924913805869785e+00
2.610974533181675827e+00
2.599938485982786318e+00
2.588368868305458648e+00
2.574411508525517256e+00
2.557983225616165868e+00
2.540723668280199021e+00
2.520991562847625378e+00
2.503390497660845870e+00
2.489919675705617674e+00
2.469991855211064014e+00
2.445482762496121509e+00
2.423631813663226886e+00
2.407650416788261527e+00
2.397982699198418111e+00
2.391470361509667075e+00
2.388283047015074878e+00
2.387699287356671807e+00
2.387243638705146331e+00
2.385010865167270566e+00
2.380079524286689008e+00
2.372137298162449781e+00
2.361220788882635535e+00
2.347576230341358983e+00
2.331580520857855277e+00
2.313682699056506475e+00
2.294353855878823012e+00
2.274044915508970810e+00
2.253152813650439956e+00
2.231994770127164074e+00
2.210790072234197101e+00
2.189649122966470962e+00
2.168569759676906017e+00
2.147440836484416415e+00
2.126052872579558439e+00
2.104115266696669817e+00
2.081279219856490226e+00
2.057165003609924270e+00
2.031391777280351363e+00
2.003607628940546448e+00
1.973517260637380533e+00
1.940904698224732439e+00
1.905840627127922682e+00
1.869525933704208720e+00
1.833375152100691352e+00
1.798816589066581928e+00
1.767268406457510377e+00
1.739966150806624867e+00
1.717882453469790072e+00
1.701719276112923396e+00
1.691911052212583533e+00
1.688625467449580420e+00
