1.023093980951583326e+00
1.015220850806269670e+00
2.277587644892691721e+00
2.154392289030277574e+00
2.610710083300745943e+00
2.824446730812330664e+00
2.803066192143590207e+00
2.634976751578451903e+00
2.539429615082440694e+00
2.485217418235634135e+00
2.453455161307685373e+00
2.433852645857710328e+00
2.422056728647040913e+00
2.414680514208376039e+00
2.408491267173436423e+00
2.418968733139697846e+00
2.462265733389232825e+00
2.504056728489055139e+00
2.391110211852063738e+00
2.121516165775988227e+00
1.927174796522863609e+00
1.788606933605610738e+00
1.690999890001949613e+00
1.623535101256083690e+00
1.578239486546349379e+00
1.549231345029189022e+00
1.532087509191726982e+00
1.523587091221714651e+00
1.521307659843324611e+00
1.523449829962687074e+00
1.528675919893798696e+00
1.535993544646103048e+00
1.544668918736731733e+00
1.554236424940131256e+00
1.564116466112198234e+00
1.574144566817636814e+00
1.584115714994214219e+00
1.593883575094659388e+00
1.603348051048305356e+00
1.612443362019193360e+00
1.621129064113322915e+00
1.629383284295601531e+00
1.637197629854106662e+00
1.645171257276728971e+00
1.651867704110361768e+00
1.658204510323275649e+00
1.664201553546490686e+00
1.669859509823190313e+00
1.675184471045452650e+00
1.680186183416187973e+00
1.684876835814133944e+00
1.689270159379145042e+00
1.693380759865426244e+00
1.697223627497664200e+00
1.700813781701863814e+00
1.704166017865620830e+00
1.707294730904875601e+00
1.710213796334666192e+00
1.712936494124940978e+00
1.715475464159162078e+00
1.717842684832970424e+00
1.720049468413948901e+00
1.722106468374311250e+00
1.724023695118106270e+00
1.725810537440933823e+00
1.727475787751509229e+00
1.729027669603842909e+00
1.730473866477433287e+00
1.731821551032506346e+00
1.733077414282341522e+00
1.734247694283843177e+00
1.735338204064933887e+00
1.736354358593856562e+00
1.737301200659218336e+00
1.738183425576605767e+00
1.739005404672411714e+00
1.739771207521423779e+00
1.740484622934156178e+00
1.741149178704638700e+00
1.741768160140610089e+00
1.742344627406759106e+00
1.742881431718362073e+00
1.743381230427861528e+00
1.743846501050915876e+00
1.744279554281407130e+00
1.744682546047003235e+00
1.745057488658226408e+00
1.745406261104660128e+00
1.745730618552028268e+00
1.746032201093439706e+00
1.746312541807184537e+00
1.746573074172141027e+00
1.746815138890187580e+00
1.747039990163020473e+00
1.747248801468576973e+00
1.747442670879837845e+00
1.747622625966251064e+00
1.747789628315368216e+00
1.747944577709623637e+00
1.748088315990478092e+00
