1.027784717908129197e+00
1.011231690055221399e+00
2.174186114771935685e+00
2.047646242495562152e+00
2.572618337859622795e+00
2.814436054762918804e+00
2.905658838126688792e+00
2.865813110416826071e+00
2.668671483275056211e+00
2.548372389866467635e+00
2.471837152442754260e+00
2.420361126781650718e+00
2.384210135162890598e+00
2.357914910634065553e+00
2.338456275643163274e+00
2.326262820570730305e+00
2.314717871316607223e+00
2.363310977790336054e+00
2.451936682506804743e+00
2.504413211639754167e+00
2.216229334050646926e+00
1.947361228921804965e+00
1.762254865922381564e+00
1.636970433056599727e+00
1.554462598463173251e+00
1.502412042651848800e+00
1.472072676501124278e+00
1.457071036586759849e+00
1.452806559655655638e+00
1.455947153388378545e+00
1.464080939679289983e+00
1.475646383996167765e+00
1.488928241360047977e+00
1.503348683423735954e+00
1.518258585672089378e+00
1.533204268911060097e+00
1.547873734974387183e+00
1.562058208679638849e+00
1.575623867545441037e+00
1.588491004350795155e+00
1.600618674888224957e+00
1.613063028311307878e+00
1.623210587713754149e+00
1.632747326047406355e+00
1.641712484952637885e+00
1.650100340397966381e+00
1.657918889376861937e+00
1.665185256343547859e+00
1.671922522297802249e+00
1.678157422262344989e+00
1.683918676642974344e+00
1.689235795872782830e+00
1.694138237224138699e+00
1.698654822439901846e+00
1.702813347500473196e+00
1.706640333052727998e+00
1.710160877053944040e+00
1.713398581014295541e+00
1.716375528616386870e+00
1.719112301035071955e+00
1.721628017424807311e+00
1.723940392128661570e+00
1.726065802454929798e+00
1.728019362563374628e+00
1.729815000254424806e+00
1.731465534375113968e+00
1.732982751230969232e+00
1.734377478887548563e+00
1.735659658606836242e+00
1.736838412927677044e+00
1.737922110092142924e+00
1.738918424660381490e+00
1.739834394259221595e+00
1.740676472484738113e+00
1.741450578033596930e+00
1.742162140177534013e+00
1.742816140723657536e+00
1.743417152623108368e+00
1.743969375403949362e+00
1.744476667612436138e+00
1.744942576451057992e+00
1.745370364802787844e+00
1.745763035829394294e+00
1.746123355327982907e+00
1.746453872024534171e+00
1.746756935976413905e+00
1.747034715248014125e+00
1.747289211014995569e+00
1.747522271243395320e+00
1.747735603080264211e+00
1.747930784082707856e+00
1.748109272402430081e+00
1.748272416033187504e+00
1.748421461219134887e+00
1.748557560112952824e+00
1.748681777763953171e+00
1.748795098508183932e+00
1.748898431824850608e+00
1.748992617716267794e+00
1.749078431661972299e+00
