1.750000056192662523e+00
1.862252505629653720e+00
1.914108383075320940e+00
1.943487695461920017e+00
1.960547107974330849e+00
1.969614551739318653e+00
1.973031920876266998e+00
1.972257096323780878e+00
1.967633823250378722e+00
1.959411635759713999e+00
1.947627960669036096e+00
1.932318166568485651e+00
1.913602903428827995e+00
1.891709265770541659e+00
1.866990910926397795e+00
1.839719241279418327e+00
1.810431052575697031e+00
1.779514926431780886e+00
1.747378438111236498e+00
1.714414851990741617e+00
1.680993651017329116e+00
1.647458937214149932e+00
1.614131103784008259e+00
1.581309798931143540e+00
1.549277093084216572e+00
1.518300247361986210e+00
1.488633805058315218e+00
1.460520940967391823e+00
1.434194129748484814e+00
1.409875256488568596e+00
1.387775310908958781e+00
1.368093396825210251e+00
1.351017665512862287e+00
1.336721916749061378e+00
1.325366136513085991e+00
1.317095673241226006e+00
1.312040153245018326e+00
1.310312552142213427e+00
1.312008251348520282e+00
1.317204003266349011e+00
1.325956743635466673e+00
1.338302192925950873e+00
1.354253198056842855e+00
1.373797787167002848e+00
1.396896946650966420e+00
1.423482182333650758e+00
1.453452994209904814e+00
1.486674471985190538e+00
1.522975297931035588e+00
1.562146511067893595e+00
1.603941425351688377e+00
1.724192670818097906e+00
1.871963320836930622e+00
1.986877857003068071e+00
2.075526280420744829e+00
2.147473193498322885e+00
2.206938039760625969e+00
2.254546828280239890e+00
2.289812977757880397e+00
2.312829757633200423e+00
2.324831625922861189e+00
2.328207457498173483e+00
2.325885983980867433e+00
2.320672910157831392e+00
2.314729470153297441e+00
2.309425495040233312e+00
2.305219233965157599e+00
2.302034215433184983e+00
2.299411012502945884e+00
2.296733978674670773e+00
2.293381725607339217e+00
2.288811756587052493e+00
2.282596196227573593e+00
2.274426801960260480e+00
2.264103764859255019e+00
2.251517901277039879e+00
2.236631740267054358e+00
2.219462257396425997e+00
2.200066390597963828e+00
2.178529608930194428e+00
2.154957365095897526e+00
2.129469045747067302e+00
2.102193938222574054e+00
2.073268713163699317e+00
2.042835956851143386e+00
2.011043357589052505e+00
1.978043239523592067e+00
1.943992228679964462e+00
1.909050917344399911e+00
1.873383457114463413e+00
1.837157055981256448e+00
1.800541382412303770e+00
1.763707893329570231e+00
1.726829107433795585e+00
1.690077844388648831e+00
1.653626446899412628e+00
1.617645998636871640e+00
1.582305547325272066e+00
1.547771339549305125e+00
1.514206071958071886e+00
1.481768162370876940e+00
1.450611043575079417e+00
1.420882482117989287e+00
1.392723923951612486e+00
1.366269868267476539e+00
1.341647270188849106e+00
1.318974972145449120e+00
1.298363162754567313e+00
1.279912860923196449e+00
1.263715421754463275e+00
1.249852059815600658e+00
1.238393384572398448e+00
1.229398942527336169e+00
1.222916761060242719e+00
1.218982890423975896e+00
1.217620943044886328e+00
1.218841633415868930e+00
1.222642327536135554e+00
1.229006617955379577e+00
1.237903948683744204e+00
1.249289322887792153e+00
1.263103134419366391e+00
1.279271170507787714e+00
1.297704835828811021e+00
1.318301646023192886e+00
1.340946030136322076e+00
1.365510465483847247e+00
1.391856945102952103e+00
1.419838748433853937e+00
1.449302452796690677e+00
1.480090090533813463e+00
1.512041329290201741e+00
1.544995535967885747e+00
1.578793582861155897e+00
1.613279270032731638e+00
1.648300271136221573e+00
1.683708557523184712e+00
1.719360311565923727e+00
1.755115396615021695e+00
1.790836499262811188e+00
1.826375795779781486e+00
1.861642700365607528e+00
1.896449823961962933e+00
1.930679144172890105e+00
1.964197038143610907e+00
1.996865629152081212e+00
2.028545655959398619e+00
2.059097709669818421e+00
2.088383293670880825e+00
2.116265959751428838e+00
2.142612518310789582e+00
2.167294276107729623e+00
2.190188257006925099e+00
2.211178372016561866e+00
2.230156514982133409e+00
2.247023567131103405e+00
2.261690297325437804e+00
2.274078146601044459e+00
2.284119886904731445e+00
2.291760146139083076e+00
2.296955795295040570e+00
2.299673290135392456e+00
2.299893997904084220e+00
2.297626100894626600e+00
2.292867038290627768e+00
2.285634616561686538e+00
2.275960317844678560e+00
2.263887674579632137e+00
2.249471653334384591e+00
2.232778220887783327e+00
2.213883937507367783e+00
2.192875545514235469e+00
2.169849543113080870e+00
2.144911737169706623e+00
2.118176769640843560e+00
2.089767613419112546e+00
2.059815034737879191e+00
2.028457020823710710e+00
1.995838172989384596e+00
1.962109066675390645e+00
1.927425580987198073e+00
1.891948201018645248e+00
1.855841296721757905e+00
1.819272382328552595e+00
1.782411360414236867e+00
1.745429754666854461e+00
1.708499935343830156e+00
1.671794341277246687e+00
1.635484702154628600e+00
1.599741264651546313e+00
1.564732025817958894e+00
1.530621976910595761e+00
1.497572360601621577e+00
1.465739944160741270e+00
1.435276310789664445e+00
1.406327170770436563e+00
1.379031693464410457e+00
1.353521860469343530e+00
1.329921839420326712e+00
1.308347377038492354e+00
