2.333333408256883512e+00
2.441814486942319284e+00
2.512835431453021684e+00
2.562665191457823344e+00
2.602291500832950355e+00
2.637750279659509811e+00
2.672326746185984980e+00
2.707729963847114174e+00
2.742874063773818705e+00
2.768362879780808861e+00
2.774758046295527691e+00
2.761659510110432869e+00
2.735722428273827056e+00
2.704069215371648127e+00
2.671566383537348432e+00
2.641023882379380794e+00
2.613771104980912696e+00
2.590371796384697056e+00
2.570814227954655085e+00
2.554777172967733101e+00
2.542038678451563172e+00
2.532467784108531017e+00
2.525783550309833814e+00
2.521191877695640571e+00
2.517476183968381687e+00
2.513818358504592787e+00
2.509743891539818250e+00
2.505012123966165571e+00
2.499541883815091570e+00
2.493358315932686864e+00
2.486549708565917172e+00
2.479188971822014587e+00
2.471333009964347571e+00
2.463081261784756393e+00
2.454566359159479738e+00
2.445919891813708613e+00
2.437262759553236346e+00
2.428692704608337749e+00
2.420286098783475559e+00
2.412055393199409536e+00
2.404194985457781542e+00
2.396727106881721525e+00
2.389685741889680415e+00
2.383042060513937965e+00
2.376704543248449930e+00
2.370504834000227490e+00
2.364363365558810326e+00
2.358512293822194295e+00
2.353091812132924510e+00
2.348237248193647986e+00
2.343985585087013490e+00
1.947869976894728739e+00
1.765310071777145273e+00
1.706500931495515516e+00
1.715780602432809498e+00
1.759094593347277691e+00
1.820098527441293967e+00
1.892043997957403301e+00
1.970477109000390303e+00
2.054220380384009115e+00
2.142018155255598799e+00
2.231077190488979678e+00
2.321141350199814823e+00
2.411917870397559671e+00
2.493088485876919336e+00
2.562519516484596860e+00
2.621327923307018359e+00
2.667646590012810126e+00
2.704873201072500954e+00
2.723652781455054850e+00
2.727564509602386611e+00
2.719202814392704504e+00
2.718651739093586706e+00
2.743258344992614894e+00
2.785072558212615235e+00
2.829257745167096161e+00
2.867449733735528472e+00
2.897339325725567516e+00
2.919132022733012199e+00
2.933673174137691575e+00
2.942023480296978022e+00
2.945425943228985766e+00
2.945227124740695590e+00
2.942744933273357510e+00
2.939152987179602494e+00
2.935410948466512515e+00
2.932237929936535537e+00
2.930117342790235835e+00
2.929322363672386409e+00
2.929953222012670722e+00
2.931979193510828807e+00
2.935279853379836545e+00
2.939681882552537928e+00
2.944989335131403596e+00
2.951006584622134721e+00
2.957554110683863868e+00
2.964477896928923606e+00
2.971653547629595771e+00
2.978986363232997370e+00
2.986408598794173308e+00
2.993875013329695189e+00
3.001357640758509859e+00
3.008840506544318671e+00
3.016314803918282550e+00
3.023774848809317017e+00
3.031234878335622440e+00
3.038770253502199203e+00
3.046352844231949852e+00
3.053804360079571456e+00
3.060967573750821735e+00
3.067803305757021537e+00
3.074390769921231836e+00
3.080875218174722541e+00
3.087206563602625575e+00
3.093252002622353558e+00
3.098966224493350907e+00
3.104418520907415768e+00
3.109748563098657215e+00
3.114953018807108620e+00
3.119912521662145721e+00
3.124565571080270665e+00
3.128952939340355677e+00
3.133177219352699439e+00
3.137292377988767811e+00
3.141121284000933045e+00
3.144529498376146925e+00
3.147545555021904917e+00
3.150280409132681481e+00
3.152822237809077333e+00
3.155092557076924376e+00
3.156987645979664858e+00
3.158500264025778215e+00
3.159689438927538063e+00
3.160603035340422196e+00
3.161176161311678889e+00
3.161282805125328998e+00
3.160894253919326324e+00
3.160021275435882515e+00
3.158450584223794877e+00
3.155918160745852408e+00
3.152459718325445248e+00
3.148397509787844051e+00
3.144145223599402517e+00
3.140050123955496097e+00
3.136303734953994393e+00
3.132920130185224750e+00
3.129830356652609336e+00
3.126936195210232139e+00
3.124095048371015260e+00
3.121147581800206794e+00
3.117924602063617101e+00
3.541585921201274800e+00
3.700160657042064649e+00
3.695038146760838860e+00
3.595278548537219621e+00
3.448905531146204240e+00
3.289163005782538285e+00
3.105546431160553844e+00
2.934387718080113672e+00
2.800228561162866558e+00
2.701318554330408794e+00
2.633121076201691668e+00
2.590341341984503387e+00
2.567922085476126881e+00
2.561357205265023751e+00
2.566659821908236161e+00
2.580144414993395863e+00
2.598127204702727067e+00
2.617177658529806106e+00
2.633988081395930436e+00
2.646273456150621151e+00
2.653119419279489577e+00
2.654603854502818105e+00
2.651367865835483340e+00
2.644251922634638596e+00
2.634145848904767551e+00
2.621978674217779748e+00
2.608714036869962172e+00
2.595183283535778429e+00
2.582020463097739693e+00
2.569667971305126919e+00
2.558402052323557996e+00
2.548341817226230432e+00
2.539544222545334407e+00
2.532022738902417913e+00
2.525738784017263150e+00
2.520617752549710211e+00
2.516548016009021005e+00
2.513412245778453347e+00
2.511079211225279550e+00
2.509424961160604539e+00
2.508317159454832801e+00
2.507629715258815395e+00
2.507266303560897303e+00
2.507143008209210322e+00
2.507181546423786767e+00
2.507315350244352814e+00
2.507483797752041887e+00
2.507629061197406362e+00
2.507697673632486524e+00
2.507643588147769442e+00
2.507406191303198639e+00
2.507022909228852736e+00
2.502752407666414491e+00
2.507715151300196954e+00
2.505912751018171569e+00
2.504220930761298813e+00
2.502570855610048106e+00
2.500903984661133617e+00
2.499179037202226450e+00
2.497385149058914067e+00
2.495534493815700916e+00
2.493645585905096329e+00
2.491737888265822320e+00
2.489830386835333087e+00
2.487940347603213809e+00
2.486082974291909498e+00
2.484271329898666725e+00
2.482510716960904418e+00
2.480805913432852172e+00
2.479154642253203811e+00
2.477548991579141102e+00
2.475985616194146033e+00
2.474465780940488635e+00
2.472991815778421643e+00
2.471564751130551407e+00
2.470181943040718586e+00
2.468829359453883043e+00
2.467496481251149731e+00
2.466183386901076080e+00
2.464895460610276867e+00
2.463638270858758972e+00
2.462415313323174537e+00
2.461227465801524961e+00
2.460073275679583116e+00
2.458949579530268270e+00
2.457852193872306579e+00
2.456776548664989068e+00
2.455718206455824060e+00
2.454673248549031683e+00
2.453638530364509407e+00
2.452588532350163941e+00
2.451581567996137689e+00
2.450575642390671049e+00
2.449573155548268044e+00
2.448576570930697915e+00
2.447588348307126793e+00
2.446610987534274528e+00
2.445647011913349989e+00
2.444698907209975403e+00
2.443769045002530671e+00
2.442859609564417500e+00
2.441972538554717076e+00
2.441109481893019240e+00
2.440271779595198698e+00
2.439460457223737500e+00
2.438676236420621812e+00
2.437919557418368743e+00
2.437190610263680224e+00
2.436489371604506182e+00
2.435815644188942919e+00
2.435169096631807140e+00
2.434549301466714777e+00
2.433955769976583916e+00
2.433387982752707401e+00
2.432845415350437968e+00
2.432327558773962561e+00
2.431833934826372001e+00
2.431364106601246355e+00
2.430917684570129467e+00
2.430494328840212770e+00
2.430093748225012451e+00
2.429715696794598756e+00
2.429359968559422711e+00
2.429026390900729915e+00
2.428714817298718298e+00
2.428425119834261459e+00
2.428157181857128588e+00
2.427910891128967297e+00
2.427686133666923318e+00
2.427482788437229644e+00
2.427300722979726544e+00
2.427139789985717222e+00
2.426999824803523165e+00
2.426880643808782878e+00
2.426782043549485568e+00
2.426703800558187574e+00
2.426645671714737773e+00
2.426607395040831783e+00
2.426588690811624538e+00
2.426589262877875353e+00
2.426608800103740471e+00
2.426646977838824881e+00
2.426703459357764547e+00
2.426777897215315338e+00
2.426869934479116697e+00
2.426979205815442242e+00
2.427105338414796698e+00
2.427247952754230109e+00
2.427406663201303161e+00
