1.027784717908129197e+00
1.004737746460397485e+00
2.293142905264281328e+00
2.070798957724115041e+00
2.591333917249082575e+00
2.828282145079487719e+00
2.611134724608385138e+00
2.441089677848747197e+00
2.410564350656585031e+00
2.429836860822581102e+00
2.457648909120587088e+00
2.484031757205505730e+00
2.506790191577593419e+00
2.523506007248584204e+00
2.535289855695933348e+00
2.543639732492624983e+00
2.549394288275021125e+00
2.553964563620271022e+00
2.572239303575218017e+00
2.622602973261222381e+00
2.658416042500146403e+00
2.667950241539230660e+00
2.632327460489749971e+00
1.863543420500723302e+00
1.450350155383514528e+00
1.244955677437060704e+00
1.156967776634114209e+00
1.127306823520350498e+00
1.132334797635017543e+00
1.161098254438635902e+00
1.202082324955371373e+00
1.248268379757246915e+00
1.295461365320631497e+00
1.341261818587516697e+00
1.384366979347435134e+00
1.424150575546241360e+00
1.460374973194681569e+00
1.493080685925626039e+00
1.522411831528506010e+00
1.548596726571646043e+00
1.571896899164676675e+00
1.592574817538647824e+00
1.610898718308451549e+00
1.627112602624823712e+00
1.641448030517000944e+00
1.654116196475914347e+00
1.665307010431702928e+00
1.675189049680079201e+00
1.683912372750905551e+00
1.691612570063190990e+00
1.698409710358604663e+00
1.704409848559863327e+00
1.709706931465582835e+00
1.714384080767054730e+00
1.718510406760294096e+00
1.722163997868282115e+00
1.725387556621027718e+00
1.728235363842881789e+00
1.730752153528761550e+00
1.732972090147546051e+00
1.734946154309797706e+00
1.736686267575076492e+00
1.738219622402684461e+00
1.739588752015576834e+00
1.740793744645461327e+00
1.741854070076661598e+00
1.742806337110367476e+00
1.743642227399936129e+00
1.744376013681129267e+00
1.745040260052475034e+00
1.745620870461900953e+00
1.746128645044251027e+00
1.746593253524873379e+00
1.746990466917984985e+00
1.747357024847189244e+00
1.747666910043571775e+00
1.747956324628402003e+00
1.748197695344911651e+00
1.748426393047914251e+00
1.748614027673582427e+00
1.748788447837172466e+00
1.748949887569502870e+00
1.749077290899548442e+00
1.749197920842562537e+00
1.749305612934108467e+00
1.749400660822108877e+00
1.749488755866824841e+00
1.749559002932065344e+00
1.749615105469002341e+00
1.749674970797218343e+00
1.749720925852511044e+00
1.749767115561160491e+00
1.749803074446778295e+00
1.749836777518895214e+00
1.749867591163514202e+00
1.749893610959792678e+00
1.749913221623413229e+00
1.749932532820023701e+00
1.749948345592705623e+00
1.749959076276923486e+00
