1.750000056192662523e+00
1.868634997314291279e+00
1.923277072869547188e+00
1.953808407399814762e+00
1.970747881768834420e+00
1.978468386165904480e+00
1.979276355461806469e+00
1.974631740658011392e+00
1.964704668735957949e+00
1.949964965577009268e+00
1.930506143873862879e+00
1.906555208215587882e+00
1.878507051766450164e+00
1.846919414688467320e+00
1.812475194257547884e+00
1.775930321672816614e+00
1.738060853034286923e+00
1.699617043289136209e+00
1.661287795808118251e+00
1.623676174508351444e+00
1.587285215907963121e+00
1.552512626181848043e+00
1.519652745637775970e+00
1.488904173027887579e+00
1.460381528580311894e+00
1.434129939164596079e+00
1.410140936773277343e+00
1.388368583685442248e+00
1.368744791023168705e+00
1.351192992065736842e+00
1.335854323169068048e+00
1.324324532174295577e+00
1.318395799740049057e+00
1.319391319214720193e+00
1.328296571678724725e+00
1.345829114930118031e+00
1.372460260713856517e+00
1.408398295637570241e+00
1.453596534635278381e+00
1.507402846316034273e+00
1.569152211984052192e+00
1.637375424410350888e+00
1.710217398608836481e+00
1.785185445535459436e+00
1.859762036308058919e+00
1.931260199337002659e+00
1.997359439936427616e+00
2.056463589904502953e+00
2.107971304877234608e+00
2.152330137779336017e+00
2.190822179195004438e+00
2.330101963079862948e+00
2.468311606550251280e+00
2.550629081855022129e+00
2.588584009932715979e+00
2.596599289477116379e+00
2.585936220473134206e+00
2.563430411935130770e+00
2.533891075015092476e+00
2.500974643917345031e+00
2.467534351834968831e+00
2.435723063666004773e+00
2.407028290717673435e+00
2.382333930177030989e+00
2.362029261989057716e+00
2.346216109996980936e+00
2.334383636981685939e+00
2.324210785125611523e+00
2.311593509035764438e+00
2.294141651832301676e+00
2.270655039753831872e+00
2.240651739158906697e+00
2.204087486195294154e+00
2.161195693725420863e+00
2.112402295859446610e+00
2.058285780094456285e+00
1.999561660476363745e+00
1.937076508295467292e+00
1.871801492861085769e+00
1.804819669691257733e+00
1.737123431222393544e+00
1.668945657429417917e+00
1.603992970520452976e+00
1.540665081861245733e+00
1.483228876326638801e+00
1.431730806317065063e+00
1.386086137689324094e+00
1.346489909608999946e+00
1.312781227041892151e+00
1.285946829182068818e+00
1.269852965570194225e+00
1.263485267299158332e+00
1.265476127633669901e+00
1.275410559479509098e+00
1.293109258561139008e+00
1.318373748720238270e+00
1.350991176775080849e+00
1.389777670739113180e+00
1.433618955077334389e+00
1.480536589309499718e+00
1.527962270409882972e+00
1.573114432866605350e+00
1.612775672593131260e+00
1.643411813054994841e+00
1.662085985291098744e+00
1.666779259583838435e+00
1.656757392086746439e+00
1.632636250860266980e+00
1.596704030297810828e+00
1.552436086429358042e+00
1.503847895422829151e+00
1.456314111686341395e+00
1.415666908770672361e+00
1.385893554770905034e+00
1.369439727206997581e+00
1.367410109449583633e+00
1.379766144711757736e+00
1.405623648573277151e+00
1.443558814279221725e+00
1.491857356026465409e+00
1.548690296943848299e+00
1.612226498259024199e+00
1.680698728604724801e+00
1.752437908810205114e+00
1.825757546987798241e+00
1.898897179603957541e+00
1.970777412029943498e+00
2.040454830757662652e+00
2.106960807145435322e+00
2.169213563493343599e+00
2.226198467381501178e+00
2.277185982282722065e+00
2.321656499812471797e+00
2.359490999319343807e+00
2.390282387189165192e+00
2.414152746369635061e+00
2.431838301894216681e+00
2.443035929287912467e+00
2.449148283880348664e+00
2.450138875750298872e+00
2.447069150148482031e+00
2.440720074126712547e+00
2.431625010335720205e+00
2.420818221650902657e+00
2.399375610650943180e+00
2.369737380222136203e+00
2.366003796630761880e+00
2.365651885083640771e+00
2.363234205978437252e+00
2.360203809068051939e+00
2.358196628318428800e+00
2.357663642895397871e+00
2.358651467864759432e+00
2.360503816255347331e+00
2.362155305377448222e+00
2.359920598358999477e+00
2.350523511709126545e+00
2.332281818127004858e+00
2.304632256959037839e+00
2.267752641907279543e+00
2.222286828484774990e+00
2.169110780339761568e+00
2.109416601144095349e+00
2.044192775218131253e+00
1.974668232045470262e+00
1.902072752268294309e+00
1.827671771669559408e+00
1.752767138805052083e+00
1.678683933420057617e+00
1.606890887616537977e+00
1.539672468384607029e+00
1.476024689333903295e+00
1.419209586809091039e+00
1.368047750359183690e+00
1.323038676875608610e+00
1.285601823977010172e+00
1.256824874728720953e+00
1.237861032941647288e+00
1.230319288587892412e+00
1.230071539254001145e+00
1.237822133585337436e+00
1.254593712632069646e+00
1.279907570779893700e+00
1.313116614706271834e+00
1.353612609605304717e+00
1.400206724427219829e+00
1.451334886096038890e+00
1.504590467242076679e+00
1.557498433111028202e+00
1.606812799917858303e+00
1.648696642768676446e+00
1.679606251142893303e+00
1.696444812764614118e+00
1.697070649412226295e+00
1.680878056181892344e+00
1.649185677784166693e+00
1.605226710573302018e+00
1.553318103321450039e+00
1.498825912884634182e+00
1.448735860151504795e+00
1.408729363569670712e+00
1.382226717362482926e+00
1.370663301661208866e+00
1.374105579402521871e+00
1.391661094572055113e+00
1.421882961330919404e+00
1.463054433714235936e+00
1.513375470357987140e+00
1.571081416962302857e+00
1.634512263549395161e+00
1.702141845925711827e+00
1.772581714040377676e+00
1.844807103316047359e+00
1.917730331483543882e+00
1.989722484457606466e+00
2.059279090041937543e+00
2.125177930120120351e+00
2.186321416004831431e+00
2.241831882694977907e+00
2.291051384597397433e+00
2.333321998940831143e+00
2.368874024942234424e+00
2.397557691517470335e+00
2.419156009550103903e+00
2.434766302624759238e+00
2.443974734737740295e+00
2.448238887053369339e+00
2.447742815619056156e+00
2.443187304258762182e+00
2.435527922005343626e+00
2.425558928954094196e+00
2.420441247189971001e+00
2.422742432196620221e+00
2.407746261282076361e+00
2.381738546675599366e+00
2.359699738566454208e+00
2.344110615876801695e+00
2.335019588177967620e+00
2.331788761497477935e+00
2.332683504933433127e+00
2.336322878836503136e+00
2.341410885168781597e+00
2.345215725081402525e+00
2.343571506443256069e+00
2.334015855922537686e+00
2.315327490884525830e+00
2.287110557466189853e+00
2.249550258754805299e+00
2.203246343308217448e+00
2.149158858959394625e+00
2.088170457475488462e+00
2.021744617291288737e+00
1.951152673194160414e+00
1.877772873992768599e+00
1.803021179584183731e+00
1.728315645134738787e+00
1.655047917701758742e+00
1.583728348508481210e+00
1.516534485412377675e+00
1.454757902128700042e+00
1.398317126976748259e+00
1.350441146726893304e+00
1.310536798840264527e+00
1.278380706004586642e+00
1.254275540735013017e+00
1.235766237553866942e+00
1.227422096969573051e+00
1.230015489168997611e+00
1.241588066931390788e+00
1.260843267824816483e+00
1.287599055727514763e+00
1.320888851461329949e+00
1.360228416481199076e+00
1.404337104741153475e+00
1.451992606119643980e+00
1.501112428632480400e+00
1.548848504826488837e+00
1.592232622691535759e+00
1.628081961724924032e+00
1.653061586627279977e+00
1.664697695485268358e+00
1.661680626104206082e+00
1.644180774071612339e+00
1.613695643178073347e+00
1.573147426466131815e+00
1.526432853109289667e+00
1.479307034787095354e+00
1.437789402179189713e+00
1.406236547038508089e+00
1.387524426184527426e+00
1.383030739355751049e+00
1.392911541821018284e+00
1.416431101085751099e+00
1.452255421008665781e+00
1.498706598421445824e+00
1.553954077122135180e+00
1.616144320053751526e+00
1.683480687531883291e+00
1.754266602189434865e+00
1.826838420952354491e+00
