3.794901466464719153e+00
3.860581349503051207e+00
3.319512563003670813e+00
2.566770135499536032e+00
2.359334277865336116e+00
2.225477312097031923e+00
2.130770760280194853e+00
2.067021260028809593e+00
2.304654090120360266e+00
2.466635229867377710e+00
2.554177161235007709e+00
2.598371750323099416e+00
2.618020389749886156e+00
2.597694503893326790e+00
2.486260111635104852e+00
2.441319298823733330e+00
2.415287668212790617e+00
2.395563207715096787e+00
2.407832155710071032e+00
2.506798110421047721e+00
2.621967269794434952e+00
2.224124897354954111e+00
1.594304614167220580e+00
1.276369573259845458e+00
1.134648283809202240e+00
1.091639860640376991e+00
1.100630781338119091e+00
1.136716269046557315e+00
1.185389106237825008e+00
1.238468979689000049e+00
1.291408506505534515e+00
1.341784702736366963e+00
1.388413581821352327e+00
1.430827045819988319e+00
1.468963139116534311e+00
1.502982662906877653e+00
1.533160887111665316e+00
1.559823994610741948e+00
1.583312213024307136e+00
1.603958889041314784e+00
1.622079096510278928e+00
1.637963947521666075e+00
1.651878308463927247e+00
1.664060534563094995e+00
1.674723379452455418e+00
1.684055561353103858e+00
1.692223663771815545e+00
1.699374168939614460e+00
1.705635497433438008e+00
1.711119975574950658e+00
1.715925683774036425e+00
1.720138160102039793e+00
1.723831947661162767e+00
1.727071983958675894e+00
1.729914836886183638e+00
1.732409795967946309e+00
1.734599829924273751e+00
1.736522422768270291e+00
1.738210300971322564e+00
1.739692063964222157e+00
1.740992729591156474e+00
1.742134205256104629e+00
1.743135694507652822e+00
1.744014047778734255e+00
1.744784064986781402e+00
1.745458756742402029e+00
1.746049570031706466e+00
1.746566583439024933e+00
1.747018676265968296e+00
1.747413675277696754e+00
1.747758482262828483e+00
1.748059185123053805e+00
1.748321154804629796e+00
1.748549130038870913e+00
1.748747291565202477e+00
1.748919327261240220e+00
1.749068489393561521e+00
1.749197645024651582e+00
1.749309320461048145e+00
1.749405740500680873e+00
1.749488863130147065e+00
1.749560410232021468e+00
1.749621894785600817e+00
1.749674644979489768e+00
1.749719825599249656e+00
1.749758457006343804e+00
1.749791431984519585e+00
1.749819530695454706e+00
1.749843433956018490e+00
1.749863735024103750e+00
1.749880950058057216e+00
1.749895527395663120e+00
1.749907855782077970e+00
1.749918271661617286e+00
1.749927065635601853e+00
1.749934488177290248e+00
1.749940754685093136e+00
1.749946049946503823e+00
1.749950532077498622e+00
1.749954335995224097e+00
