1.122438765909885117e+00
2.357534046763906765e+00
2.637786129723172834e+00
2.789583830647648366e+00
2.860967680543681446e+00
2.867667069198106766e+00
2.826237420612792040e+00
2.751603923469381208e+00
2.657396504989927077e+00
2.554459169314046374e+00
2.450919429360870261e+00
2.352403109502017475e+00
2.262434367446227057e+00
2.182899155534283153e+00
2.114488966881499898e+00
2.057080832741152498e+00
2.010033399181518465e+00
1.972407707403377009e+00
1.943119741509050424e+00
1.921041966493177267e+00
1.905067406010629183e+00
1.894147867407363961e+00
1.887315078029895954e+00
1.883690962341612707e+00
1.882491267375148158e+00
1.883025249883389041e+00
1.884693095619184522e+00
1.886982047862985956e+00
1.889461783352685664e+00
1.891779311459810042e+00
1.893653528088636850e+00
1.894869487008278730e+00
1.895272428553091748e+00
1.894761608581478685e+00
1.893283985659762081e+00
1.890827842721368057e+00
1.887416435300210749e+00
1.883101768698427936e+00
1.877958609516767297e+00
1.872078832769490386e+00
1.865566194927179566e+00
1.858531607117999140e+00
1.851088962934348325e+00
1.843351553755437244e+00
1.835429082821683489e+00
1.827425269069432145e+00
1.819436014005987090e+00
1.811548090528122934e+00
1.803838301955551948e+00
1.796373052623052136e+00
1.789208268079498509e+00
1.782389602659454120e+00
1.775952874548808236e+00
1.769924672689179967e+00
1.764323085449922557e+00
1.759158507378719705e+00
1.754434486965674944e+00
1.750148584982712308e+00
1.746293219145391262e+00
1.742856476537883115e+00
1.739828121890434787e+00
1.737183762364750361e+00
1.734902575397963886e+00
1.732962457116419275e+00
1.731340218482453341e+00
1.730012057508942824e+00
1.728953953288621115e+00
1.728142003688507566e+00
1.727552710672402014e+00
1.727163217386013194e+00
1.726951501250963750e+00
1.726896527337278719e+00
1.726978366182407854e+00
1.727178280035419622e+00
1.727478781317316914e+00
1.727863666810509402e+00
1.728318030866346167e+00
1.728828260626274371e+00
1.729382016028317315e+00
1.729968197091413362e+00
1.730563055323184996e+00
1.731188118768629325e+00
1.731818669902554841e+00
1.732461160812255319e+00
1.733081554944105207e+00
1.733691100758180115e+00
1.734285800466897065e+00
1.734862426905423138e+00
1.735418429137230323e+00
1.735951865886679268e+00
1.736460859021564218e+00
1.736936159211072805e+00
1.737389391668969996e+00
1.737819980769145012e+00
1.738227488918763886e+00
1.738611854169159976e+00
1.738973329852874006e+00
1.739312428516541331e+00
1.739629871856556154e+00
1.739926546254993767e+00
