1.022161065964618754e+00
1.000278188905787236e+00
2.420841602989849406e+00
2.286953836397860762e+00
2.648293115478852933e+00
2.809410792460498740e+00
2.412870909284543508e+00
2.259393583527961269e+00
2.282167613684500829e+00
2.356307061602063602e+00
2.429476926229203748e+00
2.486946642601087998e+00
2.530977513527225664e+00
2.564528125354502919e+00
2.590184330062186291e+00
2.609935962576310775e+00
2.623547982753547725e+00
2.634805661250912312e+00
2.639953606973022726e+00
2.635512401267690485e+00
2.650417886438031889e+00
2.634633899599000628e+00
2.635350571125849584e+00
2.604835696827324742e+00
1.813094451126244788e+00
1.233624938486407085e+00
1.195599938051981947e+00
1.206464569677266896e+00
1.235193802562979837e+00
1.255227622044530644e+00
1.187847506373460149e+00
1.190933525444226593e+00
1.177570333167737626e+00
1.184193147208058239e+00
1.203751586814509222e+00
1.244292032798280712e+00
1.297900779857570797e+00
1.354536946276851950e+00
1.409007099739185698e+00
1.458843690706955520e+00
1.503102038578570054e+00
1.541661401722573377e+00
1.574822158649114900e+00
1.603084884311565039e+00
1.627018869341732898e+00
1.647193800393861540e+00
1.664141375931668776e+00
1.678343049529860131e+00
1.690224290629354975e+00
1.700150840843234867e+00
1.708436589273421680e+00
1.715350135501230833e+00
1.721116670994274012e+00
1.725925797323035527e+00
1.729936064053681832e+00
1.733280702604089729e+00
1.736070304917851193e+00
1.738397568686473660e+00
1.740338992839459920e+00
1.741959001282668007e+00
1.743311220485374902e+00
1.744439051703106536e+00
1.745380472175581676e+00
1.746165998450205148e+00
1.746821374427978135e+00
1.747368684259161142e+00
1.747823822803303617e+00
1.748203713169487639e+00
1.748520150809885543e+00
1.748783581101590823e+00
1.749002706154796805e+00
1.749184802547040896e+00
1.749335958747643582e+00
1.749461269933336949e+00
1.749565000498652712e+00
1.749650719820361022e+00
1.749721415679510006e+00
1.749779589029323512e+00
1.749827333201114943e+00
1.749865220696579460e+00
1.749898629006657380e+00
1.749924500192376664e+00
1.749945330093482188e+00
1.749962066764118918e+00
1.749974278692971730e+00
1.749986565875612188e+00
1.749994908308842634e+00
1.750001241333611901e+00
1.750006085074133910e+00
1.750008950211388692e+00
1.750013285612515235e+00
1.750015371309267653e+00
1.750016539964728945e+00
1.750017544786851564e+00
1.750025870871887879e+00
1.750020527780591140e+00
1.750013985287118601e+00
1.750011833516363247e+00
1.750009016540593931e+00
1.750006475795855554e+00
