2.333333408256883512e+00
2.438506904058149960e+00
2.507033506253343980e+00
2.552964718128853061e+00
2.586270438112495906e+00
2.613204758396287630e+00
2.637029014934556326e+00
2.658722594110084270e+00
2.677774732891466059e+00
2.692971724516451726e+00
2.703056914730532334e+00
2.707249828670715175e+00
2.705415027501473002e+00
2.698141853861091732e+00
2.686588253141937610e+00
2.672172866747851039e+00
2.656394848712432477e+00
2.640579236309658295e+00
2.625777625841430485e+00
2.612704161455914775e+00
2.601756075263087720e+00
2.593052464658144096e+00
2.586530869884612116e+00
2.581997606456329919e+00
2.579211706711062480e+00
2.577911081627839440e+00
2.577804467139269029e+00
2.578295573776727245e+00
2.578653102931204977e+00
2.578270709759667323e+00
2.576698023556437622e+00
2.574048114519900565e+00
2.570608590657015302e+00
2.566603372781125270e+00
2.562267920190222092e+00
2.557856156462385400e+00
2.553438371689217057e+00
2.548927348470068299e+00
2.544194352559649985e+00
2.539178173425182372e+00
2.533762979371558810e+00
2.527669332433103655e+00
2.520626323283226888e+00
2.512518902396661868e+00
2.503378830719297010e+00
2.493292119054859590e+00
2.482264626276160513e+00
2.470344587856682317e+00
2.457658152153275655e+00
2.444369273814942289e+00
2.430638541895779881e+00
1.934076345541182684e+00
1.693088335099204089e+00
1.600906757075435616e+00
1.596483822046849799e+00
1.642533103484794754e+00
1.715022120372040826e+00
1.799205748265007898e+00
1.882092052239410895e+00
1.957270474937351734e+00
2.023008222071256856e+00
2.083730116082739947e+00
2.140537850939563835e+00
2.191938196554090279e+00
2.244098426493714271e+00
2.272528398177795061e+00
2.294712248674516175e+00
2.296806661694348328e+00
2.304175334161548072e+00
2.302410200425533571e+00
4.981118313731557556e+00
6.383190424443011324e+00
2.352855785234848618e+00
2.369583022520851401e+00
3.300654572731935854e+00
8.009891441451834737e+00
9.223348193552162400e+00
2.592242676748557795e+00
2.718144381523629693e+00
2.675696852441006524e+00
2.598132422975128808e+00
2.520871373114306646e+00
2.453204778335767333e+00
2.405770854858763297e+00
2.358649166323212309e+00
2.326774056897467968e+00
2.307470103694460484e+00
2.296649357344530351e+00
2.296817922528838096e+00
2.303420653115299643e+00
2.328920436631207735e+00
2.349953450357824103e+00
2.358421585278008159e+00
2.336951582748115541e+00
2.312845651199308072e+00
2.300424568559556793e+00
2.295652937904758772e+00
2.295940783295792542e+00
2.299551578566908727e+00
2.305255432216102740e+00
2.312131064601227859e+00
2.319457505987160051e+00
2.326657603112665562e+00
2.333275650328835660e+00
2.338975284758194828e+00
2.343543300153544173e+00
2.346877248614440248e+00
2.348981841188242825e+00
2.349954512426775111e+00
2.349953220271163712e+00
2.349170192292906023e+00
2.347809768363534388e+00
2.346062618231318009e+00
2.344097866085643744e+00
2.342058526310675681e+00
2.340057831989411863e+00
2.338178818282412585e+00
2.336476928615424775e+00
2.334984338283116578e+00
2.333714821410127094e+00
2.332668395664514005e+00
2.331835344056028880e+00
2.331199470920653827e+00
2.330740607653927654e+00
2.330436466537744167e+00
2.330263972061893174e+00
2.330200198341388251e+00
2.330223023437628882e+00
2.330319918553920289e+00
2.330449818003436313e+00
2.330607476527690736e+00
2.330774968286798643e+00
2.330939411466625977e+00
2.331093243670411930e+00
2.331231668749430330e+00
2.331350126783378496e+00
2.331443445152606042e+00
2.331506255079041967e+00
2.331533808865929647e+00
2.331522649994566265e+00
2.331470950787514873e+00
2.331378539011278672e+00
2.331246708848834004e+00
2.331077915344837770e+00
2.330875429024333201e+00
2.330643001221446742e+00
2.330384569099054559e+00
2.330104014029534376e+00
2.329804977052074566e+00
2.329490729081665545e+00
2.329164090153719169e+00
2.328827390323307434e+00
2.328482464278711195e+00
2.328130671869322654e+00
2.327772937321987090e+00
2.327409800747586743e+00
2.327041476464440262e+00
2.326667913611601968e+00
2.326288854502366554e+00
2.325903888186923396e+00
2.325512496660705253e+00
2.325114096502052696e+00
2.324708085765683663e+00
2.324293890185286315e+00
2.323871000973709577e+00
2.323439006477820978e+00
2.322997610451093209e+00
2.322546637802239022e+00
2.322086029673676499e+00
2.321615832833780591e+00
2.321136182717820962e+00
2.320647277048785817e+00
2.320149361452527703e+00
2.319642733972875348e+00
2.319127755721898332e+00
2.318604856447314067e+00
2.318074531490560641e+00
2.317537331390753685e+00
2.316993846741228325e+00
2.316444690384238836e+00
2.315890478012539333e+00
2.315331807454550361e+00
2.314769236595715984e+00
2.314203260048399713e+00
2.313634285258806322e+00
2.313062609646622469e+00
2.312488401504715796e+00
2.311911688586874014e+00
2.311332359350315446e+00
2.310750182362617977e+00
2.310164849013020216e+00
2.309576042935135298e+00
2.308983536083750288e+00
2.308387306068704348e+00
2.307787662366818093e+00
2.307185361101969701e+00
2.306581680339898632e+00
2.305978421736436967e+00
2.305377801511845348e+00
2.304782661392113852e+00
2.304192424885729729e+00
2.303599295028034621e+00
2.302999392199348350e+00
2.302395497565941085e+00
2.301793718058823490e+00
2.301200532894189799e+00
2.300621247098963984e+00
2.300059487450654139e+00
2.299517268264104963e+00
2.298995298151091493e+00
2.298493344206205435e+00
2.298010567102294566e+00
2.297545795109741551e+00
2.297097732090133348e+00
2.296665106102955711e+00
2.296246769004897992e+00
2.295841757572833153e+00
2.295449325430040766e+00
2.295068953438146764e+00
2.294700344673074710e+00
2.294343408782783644e+00
2.293998239449459575e+00
2.293665087822819082e+00
2.293344334112132010e+00
2.293036458986583703e+00
2.292742016001316330e+00
2.292461605919942969e+00
2.292195853521666660e+00
2.291945387252777078e+00
2.291710821897187778e+00
2.291492744292775274e+00
2.291291702005201270e+00
2.291108194782511376e+00
2.290942668551231964e+00
2.290795511672528928e+00
2.290667053153201405e+00
2.290557562498162447e+00
2.290467250894943518e+00
2.290396273435435504e+00
2.290344732101565306e+00
2.290312679269018936e+00
2.290300121513322740e+00
2.290307023535576469e+00
2.290333312056753279e+00
2.290378879561610681e+00
2.290443587802705849e+00
2.290527271001922216e+00
2.290629738711275287e+00
2.290750778315149727e+00
2.290890157173538277e+00
2.291047624420067041e+00
2.291222912438676040e+00
2.291415738051186146e+00
2.291625803452761900e+00
2.291852796934628067e+00
2.292096393434597257e+00
2.292356254954706962e+00
2.292632030882793881e+00
2.292923358251893973e+00
2.293229861967433170e+00
2.293551155027576449e+00
2.293886838757932090e+00
2.294236503077346612e+00
2.294599726807041051e+00
2.294976078031852218e+00
2.295365114518304495e+00
2.295766384191648246e+00
2.296179425670924701e+00
2.296603768859549533e+00
2.297038935586693587e+00
2.297484440293929175e+00
2.297939790760644030e+00
2.298404488861377715e+00
2.298878031347855178e+00
2.299359910649072081e+00
2.299849615682480142e+00
2.300346632670188907e+00
2.300850445954720325e+00
2.301360538809082534e+00
2.301876394237106105e+00
2.302397495760021506e+00
2.302923328186547103e+00
2.303453378363928827e+00
2.303987135908049488e+00
2.304524093911127558e+00
2.305063749626074188e+00
2.305605605126960445e+00
2.306149167944901546e+00
2.306693951679646304e+00
2.307239476586487648e+00
2.307785270138938305e+00
2.308330867567275124e+00
2.308875812373107017e+00
2.309419656820448363e+00
2.309961962403452418e+00
2.310502300290974809e+00
2.311040251748277097e+00
2.311575408536125309e+00
2.312107373287176415e+00
2.312635759859921869e+00
