1.023093980952358706e+00
1.004244981025668393e+00
2.355229253402980838e+00
2.320586029305140574e+00
2.652961809647134572e+00
2.821705247414787898e+00
2.778413309939852915e+00
2.581107840615821214e+00
2.479923676963641022e+00
2.436012888631829298e+00
2.422794275824314614e+00
2.425356161201126071e+00
2.435458629398283392e+00
2.448458696900367215e+00
2.462624865021374010e+00
2.475160784495899158e+00
2.486122532133808072e+00
2.514341208751627477e+00
2.570875884277842971e+00
2.612725722458383082e+00
2.615290580027110678e+00
2.300717036079381828e+00
1.846693220669461066e+00
1.538596867186187156e+00
1.340320057515842489e+00
1.222263978200785584e+00
1.162338158665314314e+00
1.143670466124473872e+00
1.153286438652740609e+00
1.181281401720842394e+00
1.220227887996786054e+00
1.264704502245010298e+00
1.310894874826322498e+00
1.356238407105153199e+00
1.399129057156627942e+00
1.438662385968258794e+00
1.474424664909733451e+00
1.506361698267656202e+00
1.534591964532240782e+00
1.559389152752804542e+00
1.581078141125609182e+00
1.600028861078478304e+00
1.616582273497958244e+00
1.631048519174210565e+00
1.643709062646168118e+00
1.654813308188605614e+00
1.664578588078582833e+00
1.673194527594828784e+00
1.680811393295539524e+00
1.687578399459325862e+00
1.693604569603680110e+00
1.698987756120087678e+00
1.703810804870522277e+00
1.708144966891171457e+00
1.712044800394331379e+00
1.715569483180932941e+00
1.718757940852059019e+00
1.721644988133602672e+00
1.724267286047830527e+00
1.726649225151215994e+00
1.728817936418524992e+00
1.730793281650985005e+00
1.732597650500568687e+00
1.734244123007883331e+00
1.735746511527645364e+00
1.737117880469943643e+00
1.738369729871038327e+00
1.739512279706100450e+00
1.740554686545062735e+00
1.741505208621772827e+00
1.742365362032263665e+00
1.743161192245316737e+00
1.743878708188324689e+00
1.744530155937795257e+00
1.745121160368472202e+00
1.745656708877147079e+00
1.746133284542825903e+00
1.746581955466166125e+00
1.746976881249791003e+00
1.747332135466665548e+00
1.747641965280787968e+00
1.747951181167384682e+00
1.748194259914448878e+00
1.748423125574677162e+00
1.748627537649863228e+00
1.748809530817557301e+00
1.748971268997211448e+00
1.749114754733014809e+00
1.749241806991979731e+00
1.749354093017089662e+00
1.749453163845688941e+00
1.749540404432820218e+00
1.749617069709616501e+00
1.749684296627679769e+00
1.749743114397639188e+00
1.749794453420725704e+00
1.749839153272722214e+00
1.749877969990626170e+00
1.749911582827650136e+00
1.749940600580724981e+00
