2.426589717448578654e+00
2.350665827616235326e+00
2.146997248585300611e+00
2.527970232003210249e+00
2.175063574619969575e+00
2.138270254865476616e+00
2.179545750133476734e+00
2.328351502239232484e+00
2.450016393544389715e+00
2.531606200042943566e+00
2.584844698988258305e+00
2.619442730178015211e+00
2.642975402682292696e+00
2.658461212794249739e+00
2.668624151977662784e+00
2.675227778487090369e+00
2.679863221904723147e+00
2.683028280077484951e+00
2.685111437015580194e+00
2.684880693146018515e+00
2.678182108482330293e+00
2.658156605800399142e+00
2.339364809813304191e+00
1.592381811142198345e+00
1.218118641192892149e+00
1.050173215134079019e+00
9.968272679346241727e-01
1.005627067771692307e+00
1.046517256511869665e+00
1.102446270357010816e+00
1.163320918783176339e+00
1.224232370327326569e+00
1.282171349219807688e+00
1.335766960010924542e+00
1.384484832326527304e+00
1.428263223664973935e+00
1.467296319052689091e+00
1.501907853544987237e+00
1.532477767393268575e+00
1.559400174122506977e+00
1.583059828851268058e+00
1.603819526332020740e+00
1.622013951967858469e+00
1.637947333248036319e+00
1.651893313179737532e+00
1.664096099572323517e+00
1.674772317101387520e+00
1.684113210751161382e+00
1.692286982720647259e+00
1.699441126940178126e+00
1.705704677167783956e+00
1.711190318342741268e+00
1.715996333389987027e+00
1.720208372977231948e+00
1.723901046173098583e+00
1.727139336982097095e+00
1.729979856283123230e+00
1.732471941429947648e+00
1.734658617170545813e+00
1.736577431979301700e+00
1.738261183661664599e+00
1.739738547409767078e+00
1.741034618531983602e+00
1.742158734446425328e+00
1.743179867788510418e+00
1.744050954395097275e+00
1.744812797918577463e+00
1.745562024608846574e+00
1.746134765716359727e+00
1.746607033508002171e+00
1.747024881120662787e+00
1.747397715783216565e+00
1.747729506156748380e+00
1.748023439509043708e+00
1.748282665990461116e+00
1.748510360757803639e+00
1.748709656623176567e+00
1.748883566476882034e+00
1.749034924548835690e+00
1.749166350620659394e+00
1.749280233678190299e+00
1.749378729804001109e+00
1.749463769536574453e+00
1.749537070958776308e+00
1.749600155829962755e+00
1.749654366944243922e+00
1.749700885547861740e+00
1.749740748108178146e+00
1.749774862038093293e+00
1.749804020183401754e+00
1.749828914009329051e+00
1.749850145500759790e+00
1.749868237835685569e+00
1.749883644915116054e+00
1.749896759843042382e+00
1.749907922452239140e+00
1.749917425969149454e+00
1.749925522905922293e+00
1.749932430261223137e+00
1.749938334104512272e+00
