1.750000056192662523e+00
1.856961163958840366e+00
1.867696104765136145e+00
1.867438970993729797e+00
1.870227750294329194e+00
1.877935910016027554e+00
1.889723776445745740e+00
1.902102974383469203e+00
1.913362377475021248e+00
1.923043293935323472e+00
1.929471617322788601e+00
1.931101782929183219e+00
1.928090519407650305e+00
1.921489133004137484e+00
1.912195191315784637e+00
1.902349574817230327e+00
1.891448777431802064e+00
1.880242598722205560e+00
1.871442021846956738e+00
1.863101165538106230e+00
1.854980149017513957e+00
1.847087096484382851e+00
1.839366709922304555e+00
1.831685628119003706e+00
1.823867638724735896e+00
1.815730492735920798e+00
1.807114427833805159e+00
1.797900973773325140e+00
1.788022725087207609e+00
1.777465403942285249e+00
1.766263822015220475e+00
1.754493517274406500e+00
1.742259877277584357e+00
1.729686455285833091e+00
1.716903921487284990e+00
1.704040702591551160e+00
1.691215915915957879e+00
1.678534775612478214e+00
1.666086302005380437e+00
1.653942935106158085e+00
1.642161544591288713e+00
1.630785321557659984e+00
1.619846100525109467e+00
1.609366760110870764e+00
1.599363459898451190e+00
1.589847730634368350e+00
1.580862356497010790e+00
1.572467699372761318e+00
1.564646188980791219e+00
1.557350063893919501e+00
1.550543855318839981e+00
1.236153285550154912e+00
1.104487671099335433e+00
1.080382844462418168e+00
1.116596542387370272e+00
1.182782496744098966e+00
1.259724460161721016e+00
1.335748005999974009e+00
1.404312616669504798e+00
1.462305634595160164e+00
1.508838377635465022e+00
1.544416599622889130e+00
1.570370136938384009e+00
1.588448949355898421e+00
1.600527710876077592e+00
1.608392182860716169e+00
1.613597548657808245e+00
1.617392141484036427e+00
1.620696056200647828e+00
1.624119731203308881e+00
1.628006590166211742e+00
1.632485393261231099e+00
1.637522720889430961e+00
1.642971858764273430e+00
1.648615946708342328e+00
1.654196489190820740e+00
1.659496846103468037e+00
1.664409262520278432e+00
1.668813854405257313e+00
1.672607829872963414e+00
1.675738868844661056e+00
1.678147767409341018e+00
1.679908430012443832e+00
1.681086901820685986e+00
1.681791178990629909e+00
1.682152508710838879e+00
1.682310814679251809e+00
1.682402234737867541e+00
1.682549340410988137e+00
1.682854530143232719e+00
1.683396657226134518e+00
1.684230538413063583e+00
1.685388710578795246e+00
1.686884682242008715e+00
1.688716946434617006e+00
1.690873133361757930e+00
1.693333839338803548e+00
1.696075840970564741e+00
1.699074557846896649e+00
1.702305750638880122e+00
1.705746529097022623e+00
1.709375797303254396e+00
1.713174286601431895e+00
1.717124326561987324e+00
1.721209488026304690e+00
1.725501814675344026e+00
1.729773068184944362e+00
1.734128413405140012e+00
1.738572452865127183e+00
1.743091231752420089e+00
1.747667668212435688e+00
1.752285073206729660e+00
1.756928207056971392e+00
1.761583572768130157e+00
1.766239454560529332e+00
1.770885868978337996e+00
1.775514472896850604e+00
1.780118434618789713e+00
1.784692268221937494e+00
1.789314959739036759e+00
1.793809222395060132e+00
1.798238812250725349e+00
1.802630357788204130e+00
1.806985220420737726e+00
1.811300056614540743e+00
1.815570971966541380e+00
1.819794212089503649e+00
1.823966153636292997e+00
1.828083195252682813e+00
1.832141670428680147e+00
1.836137799103852775e+00
1.840067672915675301e+00
1.843624226268498756e+00
1.847562435511977519e+00
1.851369273810829164e+00
1.855056526995574551e+00
1.858630467936202457e+00
1.862095341296952977e+00
1.865453459123663116e+00
1.868705532290457549e+00
1.871851082049949433e+00
1.874888814152644301e+00
1.877816924016105116e+00
1.880633332817525316e+00
1.883335864144889626e+00
1.885922372691517301e+00
1.888390835562597125e+00
1.890739415057580253e+00
1.892966500046788569e+00
1.895070731523883723e+00
1.897050534023392077e+00
2.208411681760999556e+00
2.349889335884417285e+00
2.380771216290953785e+00
2.347633970916291002e+00
2.282468853924300323e+00
2.206026265546332077e+00
2.130193349532428115e+00
2.061240772961895118e+00
2.001806452581329943e+00
1.952169508723079483e+00
1.911593389904310047e+00
1.878866960187608015e+00
1.852683269721848269e+00
1.831825733021381186e+00
1.812859494911380764e+00
1.801035248312772286e+00
1.791312856395936404e+00
1.783371446602035171e+00
1.776913011521376706e+00
1.771676712333450698e+00
1.767440696801032551e+00
1.764019554924852073e+00
1.761260088523849188e+00
1.759036663500531894e+00
1.757246765961636426e+00
1.755807030741598052e+00
1.754649823496607919e+00
1.753720364732242132e+00
1.752974348798615356e+00
1.752375977085474990e+00
1.751896324912047831e+00
1.751512062878257892e+00
1.751204395623523036e+00
1.750958190907594414e+00
1.750761272875649421e+00
1.750603850618235313e+00
1.750478056493545154e+00
1.750377573149257682e+00
1.750297332250033033e+00
1.750233271085691156e+00
1.750182136009583722e+00
1.750141323739436761e+00
1.750108753288291297e+00
1.750082762682533710e+00
1.750062025729869131e+00
1.750045485001881618e+00
1.750032297925723457e+00
1.750021793467630982e+00
1.750013437358669321e+00
1.750006804249538028e+00
1.750001555403715381e+00
1.749997420875889276e+00
1.749994185297610194e+00
1.749991676560427978e+00
1.749989756823495668e+00
1.749988315379045201e+00
1.749987263015519767e+00
1.749986527569566519e+00
1.749986050398881332e+00
1.749985783618078550e+00
1.749985687929904055e+00
1.749985730922654081e+00
1.749985885733460478e+00
1.749986129998223783e+00
1.749986445025503823e+00
1.749986815144850105e+00
1.749987227190608063e+00
1.749987670091504022e+00
1.749988134542252327e+00
1.749988612725364989e+00
1.749989098104602014e+00
1.749989585240180556e+00
1.749990069636619072e+00
1.749990547613764713e+00
1.749991016196250193e+00
1.749991473017775023e+00
1.749991916237542577e+00
1.749992344466828831e+00
1.749992756704173757e+00
1.749993152277954600e+00
1.749993530795542096e+00
1.749993892098316683e+00
1.749994236221861676e+00
1.749994563360904642e+00
1.749994873838557563e+00
1.749995168079498065e+00
1.749995446586688264e+00
1.749995709921341458e+00
1.749995958685807818e+00
1.749996193509091746e+00
1.749996415034720698e+00
1.749996623910716753e+00
1.749996820781412943e+00
1.749997006280890277e+00
1.749997181027829196e+00
1.749997345621574718e+00
1.749997500639242753e+00
1.749997646633701276e+00
1.749997784132293344e+00
1.749997913636160751e+00
1.749998035620058623e+00
1.749998150532575458e+00
1.749998258796652051e+00
1.749998360810337328e+00
1.749998456947725378e+00
1.749998547559998840e+00
1.749998632976567325e+00
1.749998713506232040e+00
1.749998789438374835e+00
1.749998861044135046e+00
1.749998928577556345e+00
1.749998992276697640e+00
1.749999052364703989e+00
1.749999109050808688e+00
1.749999162531283847e+00
1.749999212990339670e+00
1.749999260600944018e+00
1.749999305525602900e+00
1.749999347917077674e+00
1.749999387919040750e+00
1.749999425666691533e+00
1.749999461287315761e+00
1.749999494900808861e+00
1.749999526620148238e+00
1.749999556551836921e+00
1.749999584796307905e+00
1.749999611448297410e+00
1.749999636597197927e+00
1.749999660327369311e+00
1.749999682718441196e+00
1.749999703845587895e+00
1.749999723779787963e+00
1.749999742588058682e+00
1.749999760333684762e+00
1.749999777076424623e+00
1.749999792872708460e+00
1.749999807775823424e+00
1.749999821836084379e+00
1.749999835101003987e+00
1.749999847615437032e+00
1.749999859421736526e+00
1.749999870559881820e+00
1.749999881067617391e+00
1.749999890980566519e+00
1.749999900332357861e+00
1.749999909154725808e+00
1.749999917477621736e+00
1.749999925329310591e+00
1.749999932736463037e+00
