1.750000056192662523e+00
1.898347267930377225e+00
1.981760786366661975e+00
2.029240325354936925e+00
2.053540433946527966e+00
2.062389628309154510e+00
2.060599720152183956e+00
2.050773094017964926e+00
2.034024572906051098e+00
2.010701519127770176e+00
1.981092603620091541e+00
1.945510222816123402e+00
1.904522889423660104e+00
1.859085236873037283e+00
1.810212409704116343e+00
1.759475586580280693e+00
1.707723245217039665e+00
1.656072283591203176e+00
1.605573991058995453e+00
1.557242698441632545e+00
1.512118828316672658e+00
1.471289320037323378e+00
1.434009913717523954e+00
1.402940043374496515e+00
1.381027331793282631e+00
1.365196637716404648e+00
1.356938888637454710e+00
1.354571344881538630e+00
1.367094527166349494e+00
1.406707037595155585e+00
1.437849158571820940e+00
1.482255296453085291e+00
1.545068601884845183e+00
1.626563637319237809e+00
1.710828271175790949e+00
1.792753529999174589e+00
1.866434548732238463e+00
1.963826734639485760e+00
2.061484038562091392e+00
2.163177420736104750e+00
2.251779456741845209e+00
2.362513385932222931e+00
2.408425319047222679e+00
2.487244485773504543e+00
2.564196849931840383e+00
2.637783000045590409e+00
2.705246725474390601e+00
2.763575063383626240e+00
2.811679276873329414e+00
2.851089110668572069e+00
2.885859384073397038e+00
3.025914040087573920e+00
3.124020749299195820e+00
3.130798296298564765e+00
3.071265730873949273e+00
2.982856820335293868e+00
2.891049327833226990e+00
2.818000875824505425e+00
2.760239858206160246e+00
2.648514153165208995e+00
2.613903082752943696e+00
2.541504128534744389e+00
2.486891711863399301e+00
2.414797773819733262e+00
2.420126022729473192e+00
2.427470151105420193e+00
2.365131924176852252e+00
2.325114431363245693e+00
2.279678987457248063e+00
2.447177361444175858e+00
2.493225391412467573e+00
2.529656587486814878e+00
2.582434328982079919e+00
2.638495125267084518e+00
2.681525630507887392e+00
2.717066771148624493e+00
2.684295754459088634e+00
2.613507649684414513e+00
2.524234535437163807e+00
2.403637904991334118e+00
2.201192957282421592e+00
2.058812468096136161e+00
1.891204529443424542e+00
1.696501101226629116e+00
1.517003862570138750e+00
1.418914727361452854e+00
1.258134958673998494e+00
1.156269199099469125e+00
1.117158826437634200e+00
1.113979392613198005e+00
1.140357770567669959e+00
1.196572260199002535e+00
1.285593909517786626e+00
1.410845868301690231e+00
1.575908111651644017e+00
1.781865127769831858e+00
1.974238837764027643e+00
2.288118904609622639e+00
2.576348997488404624e+00
2.783425103832500636e+00
2.909287296143865831e+00
2.949362951272685329e+00
2.905644875268561744e+00
2.799754267700961030e+00
2.667491437349239991e+00
2.546178015337801526e+00
2.460065138041756416e+00
2.419563762680083219e+00
2.425200016108003620e+00
2.473696624240216302e+00
2.556355470256530538e+00
2.661661518651736280e+00
2.776862053591441004e+00
2.893104555281962309e+00
3.002964366143499042e+00
3.100239233452156906e+00
3.179992263255446261e+00
3.238656344215255611e+00
3.274161923129562002e+00
3.286034372490763467e+00
3.299899130102712519e+00
3.262955081659297374e+00
3.195344569086723041e+00
3.139048287743379628e+00
3.091036551186126857e+00
3.039803814970649221e+00
2.978084144680425371e+00
2.906317738173166632e+00
2.830181219957494054e+00
2.755688533472960611e+00
2.687884457473171729e+00
2.629664440891431809e+00
2.581083027715023626e+00
2.540525215348283794e+00
2.506653161464511115e+00
2.478064837958307454e+00
2.446260461021876775e+00
2.409037038937117181e+00
2.374263015662233300e+00
2.335529081701471110e+00
2.279405221377126978e+00
2.205416088257470264e+00
2.115890816328627189e+00
2.014112199598047770e+00
1.903736356665335361e+00
1.788462612837040888e+00
1.671774991246398390e+00
1.556760324074828894e+00
1.441190297730697623e+00
1.321243172323263604e+00
1.201562709638630544e+00
1.102453995960196664e+00
1.024160397998099103e+00
9.643823961749489193e-01
9.202006242002389591e-01
8.891040805486452037e-01
8.690348538794747668e-01
8.583016297618595303e-01
8.555160642810275551e-01
8.601450714597289604e-01
8.695970792281011441e-01
8.839747920379038559e-01
9.015014595641472894e-01
9.200857623109592875e-01
9.396232685277909891e-01
9.591053468425385642e-01
9.775172731191053010e-01
9.947460967166854573e-01
1.008535256036157568e+00
1.017509685739239167e+00
1.025980224493915793e+00
1.041364382176841241e+00
1.068604739597408315e+00
1.110382767226807177e+00
1.168112336033324761e+00
1.242138226845057147e+00
1.331775952495840798e+00
1.435693037529153449e+00
1.552150171450989102e+00
1.679036202820070045e+00
1.813892595391842999e+00
1.953927695336768133e+00
2.096271812395539502e+00
2.238403512296145870e+00
2.377381452443080523e+00
2.509645474718759317e+00
2.636825554129695881e+00
2.754836755397897186e+00
2.868072304299518649e+00
2.967177142956137992e+00
3.042957961607381634e+00
3.111390963628444695e+00
3.175952570761852112e+00
3.235357653495276153e+00
3.281795244257605049e+00
3.302769913132045154e+00
3.304272022527173558e+00
3.304983954288582382e+00
3.277065623090029689e+00
3.215043011993516053e+00
3.125695511444798846e+00
3.022728752579729061e+00
2.920269127647166396e+00
2.828515898860603173e+00
2.753377978208342736e+00
2.696531501517644980e+00
2.650555564820489707e+00
2.629118517498935326e+00
2.624176329613727265e+00
2.630622067144815723e+00
2.646245395895384434e+00
2.666802328351754792e+00
2.689022068735103410e+00
2.706853530405634700e+00
2.706698918728804859e+00
2.721380796161242621e+00
2.721770854329243594e+00
2.692204850834169605e+00
2.632896286648544582e+00
2.551888538377470539e+00
2.459628667747196573e+00
2.365913457100612405e+00
2.278862461231550895e+00
2.199898674640281548e+00
2.140354643783852318e+00
2.098367548941317828e+00
2.072134718104516882e+00
2.060488875548299070e+00
2.062840124625960669e+00
2.078550256236940896e+00
2.106470827725784201e+00
2.144605411501496306e+00
2.189815555082891940e+00
2.237574534243511160e+00
2.263025430535705596e+00
2.289149922005153215e+00
2.317452064699691672e+00
2.291722851298147567e+00
2.207729656697455134e+00
2.084516546678707449e+00
1.943082477713739653e+00
1.799576966601922567e+00
1.667868919992949728e+00
1.561350351115589064e+00
1.490029178493355699e+00
1.462531710291091969e+00
1.480505392315643043e+00
1.544190795031290309e+00
1.650807314693422789e+00
1.793626737079679900e+00
1.969215027498533832e+00
2.151254083296586739e+00
2.316484763011221304e+00
2.456630571294487808e+00
2.561864555992279691e+00
2.626082324128857781e+00
2.651923938970912609e+00
2.650083296935921151e+00
2.634949160215476205e+00
2.621074615135277952e+00
2.619184556369961392e+00
2.634329337733644749e+00
2.666450555092994001e+00
2.711454224076824904e+00
2.763592820086441915e+00
2.817305824961666705e+00
2.867495749589419773e+00
2.909964224392048937e+00
2.941645090976419574e+00
2.960675654272638013e+00
2.975067151698262524e+00
2.996173818125039912e+00
2.935443678427722247e+00
2.891707375773711952e+00
2.864383254411237978e+00
2.841201368511052650e+00
2.811284373893903066e+00
2.770911153625792878e+00
2.722707015653337947e+00
2.672063492380555516e+00
2.624079474526965772e+00
2.582102362954040053e+00
2.547561488668149909e+00
2.520461793803126849e+00
2.500011536182949357e+00
2.483472942363831759e+00
2.464226080836154686e+00
2.435518881415878134e+00
2.359349629040610186e+00
2.303428463151171002e+00
2.259687168198650564e+00
2.193410858706447808e+00
2.108190688591691231e+00
2.012696768853017293e+00
1.914538255228100283e+00
1.809132087428476199e+00
1.710619018937267866e+00
1.605319185516847380e+00
1.498957600853214611e+00
1.402672929500218935e+00
