1.750000056192662523e+00
1.826255097302198926e+00
1.878496089979259542e+00
1.912804492281037216e+00
1.935528834220065608e+00
1.951059955685324754e+00
1.962150695664342415e+00
1.970198265856339281e+00
1.975934867228666514e+00
1.979567324525275396e+00
1.981270542115772582e+00
1.981035590053073170e+00
1.979069933513982527e+00
1.975667477160637731e+00
1.971200799412116123e+00
1.966078602951303100e+00
1.960737751210993807e+00
1.955397390827953608e+00
1.950474223244586636e+00
1.946118542427134557e+00
1.942409852365012624e+00
1.939387966003081942e+00
1.937086172723061495e+00
1.935496850566149396e+00
1.934574449815400721e+00
1.934090077940299413e+00
1.933692443069347622e+00
1.933156972369774795e+00
1.932346528316865486e+00
1.931176865534935727e+00
1.929596169360383806e+00
1.927572629301126383e+00
1.925086777567833973e+00
1.922126723079708110e+00
1.918685176706984796e+00
1.914757598808847217e+00
1.910341054040847419e+00
1.905433510217256821e+00
1.900033411485566370e+00
1.894139415586881814e+00
1.887750224137454857e+00
1.880864461287928391e+00
1.873480574136192178e+00
1.865596740459640301e+00
1.857213259350684709e+00
1.848318895651908766e+00
1.838920447987727247e+00
1.829010662664584785e+00
1.818584414466075660e+00
1.807636322611375856e+00
1.796160248910765311e+00
1.356049864119336590e+00
1.212690606670411508e+00
1.174355968061785882e+00
1.187288577067940221e+00
1.233414687819726741e+00
1.294759497340117305e+00
1.367471620060435766e+00
1.441158711397544590e+00
1.532406551330554034e+00
1.587765081248553534e+00
1.635010263188703128e+00
1.672669303932999396e+00
1.699638338776546576e+00
1.716464181353061225e+00
1.725000387672910307e+00
1.727728319642818366e+00
1.727098210085279861e+00
1.725440105120405576e+00
1.723779879859770325e+00
1.722858001276916795e+00
1.722922501649557958e+00
1.723934198362281567e+00
1.725706116610793650e+00
1.727970785388968977e+00
1.730509554006382844e+00
1.733104216202494330e+00
1.735587410379252571e+00
1.737858199609585874e+00
1.739852848190538204e+00
1.741544931072575686e+00
1.742935017941611431e+00
1.744041938003842329e+00
1.744895364849873509e+00
1.745530016206880974e+00
1.745981460269312446e+00
1.746304278101168395e+00
1.746460665731283779e+00
1.746550474729451352e+00
1.746571272620056403e+00
1.746536605518006269e+00
1.746459885381597132e+00
1.746352369798234383e+00
1.746222985923566284e+00
1.746078612534630814e+00
1.745924464146548338e+00
1.745764449602211110e+00
1.745601466547869851e+00
1.745437629022825732e+00
1.745274438246741999e+00
1.745112909714284122e+00
1.744953668731568541e+00
1.744797024168103672e+00
1.744643027624483533e+00
1.744491522931274297e+00
1.744342189076374616e+00
1.744194578327610934e+00
1.744048150419017507e+00
1.743902303121662500e+00
1.743756399233657550e+00
1.743609789919541075e+00
1.743461834339563810e+00
1.743311915582355098e+00
1.743159453013635840e+00
1.743003911252736460e+00
1.742844806073562403e+00
1.742681707589136320e+00
1.742514241116686513e+00
1.742342086134889945e+00
1.742164973738665523e+00
1.741982682975113716e+00
1.741795036410135777e+00
1.741601895233921393e+00
1.741403154167918244e+00
1.741198736389587332e+00
1.740988588646024793e+00
1.740772676685631737e+00
1.740550981099001193e+00
1.740323493627105034e+00
1.740090213966951183e+00
1.739851147081534766e+00
1.739606301002880606e+00
1.739355685102881299e+00
1.739099308796598464e+00
1.738837180636013002e+00
1.738569307748393467e+00
1.738295695571892452e+00
1.738016347841377929e+00
1.737731266779263928e+00
1.737440453448988453e+00
1.737143908232331668e+00
1.736841631395792618e+00
1.736533623715576402e+00
1.736219887134898610e+00
1.735900425431712302e+00
1.735575244878675205e+00
1.735244354881209317e+00
1.734907768582485854e+00
1.734565503427576871e+00
1.734217581681252174e+00
1.733864030896266062e+00
1.733504884331026341e+00
1.733140181316645601e+00
1.732769967575056747e+00
1.732394295490293112e+00
1.732013224336123480e+00
1.731626820463332050e+00
1.731235157450314199e+00
1.730838819023230002e+00
1.730441981301815701e+00
1.730044982266634834e+00
1.729645494958599539e+00
1.729241616934944492e+00
1.728832248334848831e+00
1.728416945366377577e+00
1.727995704122961218e+00
1.727568788291251378e+00
1.727136613448287283e+00
1.726699675309134152e+00
1.726258507199134318e+00
1.725813655597020713e+00
1.725365666427503220e+00
1.724915077619380899e+00
1.724462415286605044e+00
1.724008192007861151e+00
1.723552906333309931e+00
1.723097043019764518e+00
1.722641073704474834e+00
1.722185457843797618e+00
1.721730643807302563e+00
1.721277070053370384e+00
1.720825166333060263e+00
1.720375354881015451e+00
1.719928051560474014e+00
1.719483666935598620e+00
1.719042607249473331e+00
1.718605275290743251e+00
1.718172071136270684e+00
1.717743392761385657e+00
1.717319636512971925e+00
1.716901197444255400e+00
1.716488469513190784e+00
1.716081845648993909e+00
1.715681717693554376e+00
1.715288476226331849e+00
1.714902510282476200e+00
1.714524206974973985e+00
1.714153951032141299e+00
1.713792124262021765e+00
1.713439104955180703e+00
1.713095267237090269e+00
1.712760980380977127e+00
1.712436608091222112e+00
1.712122507766923096e+00
1.711819029754152233e+00
1.711526516595182290e+00
1.711245302281341196e+00
1.710975711516181663e+00
1.710718058994327606e+00
1.710472648700786191e+00
1.710239773234764726e+00
1.710019713161527122e+00
1.709812736395039501e+00
1.709619097613661154e+00
1.709439037710822618e+00
1.709272783281902353e+00
1.709120546148663156e+00
1.708982522921537628e+00
1.708858894600606915e+00
1.708749826215158585e+00
1.708655466502130293e+00
1.708575947623169222e+00
1.708511384920122111e+00
1.708461876708688543e+00
1.708427504109506501e+00
1.708408330916733942e+00
1.708404403503041014e+00
1.708415750760915675e+00
1.708442384079334575e+00
1.708484297355421955e+00
1.708541467040364248e+00
1.708613852218939577e+00
1.708701394722001110e+00
1.708804019271200847e+00
1.708921633655204442e+00
1.709054128936673411e+00
1.709201379689269995e+00
1.709363244263796044e+00
1.709539565082629498e+00
1.709730168961664631e+00
1.709934867458550833e+00
1.710153457246634812e+00
1.710385720513235563e+00
1.710631425381405890e+00
1.710890326354004953e+00
1.711162164778819772e+00
1.711446669333718029e+00
1.711743556530529897e+00
1.712052531236273545e+00
1.712373287210672945e+00
1.712705507658419890e+00
1.713048224969251798e+00
1.713398364462513701e+00
1.713756072717554702e+00
1.714122554884347949e+00
1.714498541226021855e+00
1.714884121632808567e+00
1.715278894711329327e+00
1.715682160986234273e+00
1.716093080617335787e+00
1.716510781988904721e+00
1.716934428248697575e+00
1.717363253086813479e+00
1.717796575867518882e+00
1.718233803802073467e+00
1.718674426568657543e+00
1.719118007001195103e+00
1.719564170179399110e+00
1.720012592360252945e+00
1.720462990591003383e+00
1.720915113448233225e+00
1.721368733093326719e+00
1.721823638675936685e+00
1.722279631022012314e+00
1.722736518490430413e+00
1.723194113856769238e+00
1.723652232075723489e+00
1.724110688776703704e+00
1.724569299356856433e+00
1.725027878549554972e+00
1.725486240360342372e+00
1.725944198278160924e+00
1.726401565683087558e+00
1.726858156386361420e+00
1.727313785249638300e+00
1.727768268841737731e+00
1.728221426100345459e+00
1.728673078974282351e+00
1.729123053028577495e+00
1.729571178000354426e+00
1.730017288298175693e+00
1.730461223441027929e+00
1.730902828436151175e+00
1.731341954096978775e+00
1.731778457304005148e+00
1.732212201212811831e+00
1.732643055413705113e+00
1.733070896047911535e+00
1.733495605885726043e+00
1.733917074371231326e+00
