1.024118940129193689e+00
1.014527288643831238e+00
2.254612483273032986e+00
2.126504094003552225e+00
2.601698126683342327e+00
2.821731184342209708e+00
2.853372246128127898e+00
2.663676298676347365e+00
2.554165711542659700e+00
2.490891231315099930e+00
2.452739943534855360e+00
2.428659762851230308e+00
2.412316210934552174e+00
2.402531630010236618e+00
2.394589738226636122e+00
2.389698843600330136e+00
2.429182943852097765e+00
2.487154796635667076e+00
2.512349592747350258e+00
2.197130292534032137e+00
1.970735568811323501e+00
1.810135071864875211e+00
1.697610048872949307e+00
1.620250237986907038e+00
1.568597550919219596e+00
1.535719661415740234e+00
1.516432895361778943e+00
1.506989659938098747e+00
1.504584024158513111e+00
1.507144246443027802e+00
1.513138876719397619e+00
1.521438260657511421e+00
1.531212015435425622e+00
1.541935260461565260e+00
1.552960659933518395e+00
1.564108874991786635e+00
1.575153256822927395e+00
1.585934544661054213e+00
1.596345366925849385e+00
1.606316634166640167e+00
1.615807343536160179e+00
1.624796932965499874e+00
1.633279556898149742e+00
1.641894211380411583e+00
1.649113930582488230e+00
1.655925182033248344e+00
1.662350883663008982e+00
1.668393712144508712e+00
1.674062251784289801e+00
1.679369012093112179e+00
1.684329064841676438e+00
1.688959037721431189e+00
1.693276373767757192e+00
1.697298792452398342e+00
1.701043903254115142e+00
1.704528933994790885e+00
1.707770545120381511e+00
1.710784707974118080e+00
1.713586630397283539e+00
1.716190717051162551e+00
1.718610554958194925e+00
1.720858917127228604e+00
1.722947778926130713e+00
1.724888343226732790e+00
1.726691071374523823e+00
1.728365717808054924e+00
1.729921366731899557e+00
1.731366469679379794e+00
1.732708883123240895e+00
1.733955905531577857e+00
1.735114313443600453e+00
1.736190396271051650e+00
1.737189989628239672e+00
1.738118507065601559e+00
1.738980970135121984e+00
1.739782036755693095e+00
1.740526027876203141e+00
1.741216952456418721e+00
1.741858530802464333e+00
1.742454216306280390e+00
1.743007215647832897e+00
1.743520507525767815e+00
1.743996859987142267e+00
1.744438846430202084e+00
1.744848860356192688e+00
1.745229128947075825e+00
1.745581725545963581e+00
1.745908581116202729e+00
1.746211494753467708e+00
1.746492143323065349e+00
1.746752090291991300e+00
1.746992793822252477e+00
1.747215614188580179e+00
1.747421820580100649e+00
1.747612597341756668e+00
1.747789049707457520e+00
1.747952209073057261e+00
1.748103037853439456e+00
1.748242433964221965e+00
1.748371234964943621e+00
