1.750000056192662523e+00
1.867033939326079528e+00
1.898597246225289581e+00
1.913739059248015906e+00
1.926804751015762651e+00
1.941847640382856621e+00
1.958960754610009403e+00
1.975235269813094607e+00
1.988650912182492903e+00
1.999370893569170970e+00
2.003931789009953945e+00
2.001361424716332493e+00
1.992997459947372763e+00
1.981059203312158123e+00
1.967481499934318645e+00
1.953794056959554659e+00
1.941525085105630710e+00
1.930346735496270894e+00
1.920146886592942526e+00
1.913564469582838656e+00
1.908154265476892375e+00
1.903748709527189886e+00
1.900249250446351290e+00
1.897452332805987574e+00
1.894897519938152808e+00
1.892218648974327344e+00
1.889202474987134117e+00
1.885752751490274104e+00
1.881892143994820410e+00
1.877613197490372698e+00
1.872905311728826128e+00
1.867777459979600874e+00
1.862253073006007176e+00
1.856363754718840964e+00
1.850145154533727521e+00
1.843634644023302460e+00
1.836870138063438462e+00
1.829889576026043851e+00
1.822730756153058795e+00
1.815431339246469822e+00
1.808028916017628829e+00
1.800561080547575799e+00
1.793065481168546693e+00
1.785579836813200982e+00
1.778141916038443293e+00
1.770789480398521132e+00
1.763557819907462854e+00
1.756492164939361000e+00
1.749621309060008567e+00
1.742984325858565775e+00
1.736617446664699749e+00
1.422509260757610416e+00
1.289936311574229055e+00
1.255101040692566894e+00
1.271000588309979307e+00
1.310242963810253514e+00
1.356943812108269976e+00
1.402690498633250460e+00
1.445442868770964395e+00
1.485291921388244507e+00
1.522786563769015666e+00
1.558733229838863643e+00
1.594019070242714831e+00
1.629212676736724319e+00
1.663864654511297392e+00
1.700777348918758314e+00
1.736842637145062707e+00
1.774677561312731466e+00
1.811141688609310796e+00
1.843654648303162613e+00
1.870003911471347369e+00
1.890138840270848331e+00
1.905622288218939531e+00
1.915885037525113521e+00
1.921165209652461403e+00
1.922620051868411117e+00
1.921658895618670870e+00
1.919891327177850826e+00
1.918397854980925965e+00
1.917892083531310909e+00
1.918733205492143767e+00
1.921008274079099021e+00
1.924629475019890901e+00
1.929459561727907335e+00
1.935137908971646947e+00
1.941618916649351823e+00
1.948722416541084135e+00
1.956105309687183436e+00
1.963860805958009381e+00
1.972057525798874833e+00
1.980304527068933673e+00
1.988525540593847118e+00
1.996736686148459006e+00
2.004977419503848779e+00
2.013281986251964195e+00
2.021668223488340743e+00
2.030134960397750987e+00
2.038663750746738668e+00
2.047222598481923228e+00
2.055770355434866747e+00
2.064265967346671893e+00
2.072646648753915244e+00
2.080865532667630635e+00
2.088913416767811615e+00
2.096744906620346960e+00
2.104321552217089497e+00
2.111618813543893580e+00
2.118625376804516680e+00
2.125340272801569341e+00
2.131769703617705680e+00
2.137924254579712802e+00
2.143816677990674879e+00
2.149460240258614263e+00
2.154867557663700417e+00
2.160043242208246728e+00
2.164958632425427076e+00
2.169708293399690735e+00
2.174273074850467502e+00
2.178620771674604217e+00
2.182737815038207962e+00
2.186628156823253732e+00
2.190305449304404739e+00
2.193670853132424714e+00
2.196980751543486043e+00
2.200114504411335048e+00
2.202556115388406788e+00
2.205538651930604832e+00
2.208031514215320179e+00
2.210175865128547024e+00
2.212024439631959716e+00
2.213407717245244211e+00
2.214837968330082951e+00
2.216187236441364838e+00
2.217389805681470705e+00
2.218487379364169954e+00
2.219514323538977152e+00
2.220480501250599481e+00
2.221370029161368720e+00
2.222146405891722853e+00
2.222760278579130944e+00
2.223157747424441943e+00
2.223287868278682300e+00
2.223108532503047741e+00
2.222590315651774784e+00
2.221718222240411489e+00
2.220491516499937035e+00
2.218922014948329302e+00
2.217031323176817281e+00
2.214847529246264379e+00
2.212401829525668440e+00
2.209725476159789093e+00
2.515818558763855073e+00
2.645120028587688576e+00
2.656477089602367059e+00
2.594999102683634540e+00
2.492945853704718218e+00
2.376226345300677778e+00
2.262468302597116399e+00
2.161361215247884715e+00
2.076970362479557242e+00
2.009704816587571941e+00
1.957911789123802482e+00
1.919417925684671289e+00
1.891463439190065543e+00
1.871831040984498484e+00
1.858585305932684006e+00
1.850124050872559600e+00
1.845147203894368815e+00
1.842607671974406669e+00
1.841665988629099582e+00
1.841655152363943060e+00
1.842055477548288467e+00
1.842476654437817718e+00
1.842643636290404396e+00
1.842383479876976482e+00
1.841611291095667458e+00
1.840314579249097804e+00
1.838536322320948102e+00
1.836357715155208181e+00
1.833881846026351292e+00
1.831219459817283512e+00
1.828477626141184587e+00
1.825751677058509603e+00
1.823120339171730109e+00
1.820643646987052833e+00
1.818363027595788717e+00
1.816302887374497743e+00
1.814473078626916536e+00
1.812871736355049723e+00
1.811488113449008175e+00
1.810305176941016558e+00
1.809301840735174416e+00
1.805907950171949716e+00
1.806706984629359303e+00
1.806910917635824454e+00
1.806833511587517371e+00
1.806606995407745497e+00
1.806297186489736140e+00
1.805938201940251009e+00
1.805547821793555885e+00
1.805135008933453022e+00
1.804703903022036204e+00
1.804256106507450719e+00
1.803792062731184309e+00
1.803311899508254879e+00
1.802815929317655552e+00
1.802304916532551538e+00
1.801780183752852871e+00
1.801243608796719187e+00
1.800697551168320754e+00
1.800144737700637876e+00
1.799588129880673071e+00
1.799030789414640896e+00
1.798475753605846439e+00
1.797925927981128602e+00
1.797384000249068858e+00
1.796852377049951377e+00
1.796333143000651944e+00
1.795828040171483453e+00
1.795338465270608586e+00
1.794865481363714377e+00
1.794409840831125091e+00
1.793972016376493173e+00
1.793552237174850461e+00
1.793150527619519430e+00
1.792766746546403889e+00
1.792400625242227985e+00
1.792051802953221529e+00
1.791719858985282299e+00
1.791404340815645702e+00
1.791104787915569485e+00
1.790820751213146877e+00
1.790551808307621506e+00
1.790297574685446591e+00
1.790057711288538744e+00
1.792292322595562704e+00
1.788181312429397707e+00
1.791097638446910612e+00
1.787371154495458914e+00
1.790516854146330772e+00
1.786945456288321576e+00
1.790190636311832506e+00
1.786694428178850380e+00
1.789986604276156301e+00
1.788973152318803272e+00
1.788419370271556508e+00
1.788093167786785509e+00
1.787903487254395962e+00
1.787801720639370373e+00
1.787758145793069131e+00
1.787753722342179330e+00
1.787776200006345295e+00
1.787817827291025674e+00
1.787873858489443135e+00
1.787941543432219227e+00
1.788019436289641106e+00
1.788106922795904996e+00
1.788203898954446869e+00
1.788310555162893056e+00
1.788427233589201748e+00
1.788554336189219995e+00
1.788692267445368689e+00
1.788841400630549305e+00
1.789002059753405316e+00
1.789174511722762428e+00
1.789358964959731457e+00
1.789555571882686769e+00
1.787328790893938368e+00
1.791405574242608267e+00
1.788555122126089358e+00
1.792315830753143269e+00
1.789284324374625035e+00
1.792942910070733920e+00
1.789858125094858643e+00
1.791049691749472483e+00
1.791829771770192092e+00
1.792400470602647733e+00
1.792853457990709165e+00
1.793240778141366398e+00
1.793594007772097321e+00
1.793932922191987078e+00
1.794269995914486771e+00
1.794612984484390106e+00
1.794966528301647823e+00
1.795333203992395710e+00
1.795714234246907015e+00
1.796109972507063501e+00
1.796520233556932578e+00
1.796944516807243986e+00
1.797382154539454380e+00
1.797832407873767746e+00
1.798294526652272962e+00
1.798767784747532961e+00
1.799251498935454663e+00
1.799745037038783302e+00
1.800247819298810725e+00
1.800759315683498452e+00
1.801279040954670396e+00
1.801806548694878440e+00
1.802341425062241598e+00
