1.186631105618750848e+00
1.141554463930497532e+00
2.244453904868499272e+00
2.482128149600408396e+00
2.678636034111677944e+00
2.202346845196696545e+00
2.121900155482303152e+00
2.163678038726033925e+00
2.301812109738869072e+00
2.417506522226275045e+00
2.504992910674606499e+00
2.566798605476417361e+00
2.611271160351825049e+00
2.643404884901003893e+00
2.667331034083305852e+00
2.684019316105461961e+00
2.698593747798011311e+00
2.700955645313872555e+00
2.699134839833457811e+00
2.701273361180889676e+00
2.694653695895056433e+00
2.691397046855535269e+00
2.683370854885311019e+00
2.668092589135894865e+00
2.653016492771612889e+00
2.621798142556777123e+00
2.566434147865161552e+00
1.428794708432501004e+00
6.104655296325136593e-01
3.334164532790628854e-01
3.114186641410220946e-01
3.185943182541849938e-01
3.403132689233380193e-01
3.676295424292572722e-01
5.176622331896632012e-01
7.842573346634427178e-01
9.903709327100348458e-01
1.150146017460124348e+00
1.273846506097551234e+00
1.369765817149207754e+00
1.444430529889661141e+00
1.502859120680975380e+00
1.548858084602559915e+00
1.585299388454985969e+00
1.614351187934993437e+00
1.637656946916293599e+00
1.656469368399283715e+00
1.671748831330900353e+00
1.684235488123195790e+00
1.694502346968365103e+00
1.702996050062071998e+00
1.710076414535040445e+00
1.716022810225653616e+00
1.721047062765594493e+00
1.725312632719855355e+00
1.728947694319817874e+00
1.732054228546318519e+00
1.734714480420036065e+00
1.736995618320423596e+00
1.738953137899948098e+00
1.740633374308845571e+00
1.742075306853647199e+00
1.743311610502678910e+00
1.744377762641371898e+00
1.745340272062314124e+00
1.746305436354140594e+00
1.746822542539099521e+00
1.747266003182015304e+00
1.747609078875594024e+00
1.748037654632021765e+00
1.748428669938676849e+00
1.748757690841455936e+00
1.749034271731888746e+00
1.749265919880708342e+00
1.749457905898823551e+00
1.749617957186579309e+00
1.749749904012561252e+00
1.749860398326409161e+00
1.749952261531312558e+00
1.750028648110288021e+00
1.750092295917396568e+00
1.750144456819822114e+00
1.750189382680399586e+00
1.750228450196756214e+00
1.750259079303384979e+00
1.750285965717467640e+00
1.750308939706042732e+00
1.750328541209022593e+00
1.750345330488278339e+00
1.750358538951767073e+00
1.750372298702899343e+00
1.750383500846061757e+00
1.750391788315867281e+00
1.750401436517336595e+00
1.750409402252612878e+00
1.750414806835940418e+00
1.750422104039027538e+00
1.750426520403796982e+00
1.750430904568002877e+00
1.750437318325190894e+00
