1.214558719986086777e+00
2.331556614884657375e+00
2.609657253200968086e+00
2.764464289650237383e+00
2.841079081780336857e+00
2.854251057850882844e+00
2.819101540352975999e+00
2.750362321362405993e+00
2.661056200457370569e+00
2.561845111074582348e+00
2.460856732255362278e+00
2.363836433115573676e+00
2.274489808541148683e+00
2.194902575298322667e+00
2.125956417584530911e+00
2.067693087814665542e+00
2.019606939618681984e+00
1.980864855876570019e+00
1.950462711213145850e+00
1.927331335341019081e+00
1.910404927610297676e+00
1.898662998973071891e+00
1.891154465634057757e+00
1.887010177176054349e+00
1.885448220728204394e+00
1.885774865144537626e+00
1.887382950822171557e+00
1.889748809474216973e+00
1.892428329102299411e+00
1.895052489921671857e+00
1.897322530316285949e+00
1.899004816080277713e+00
1.899925451290023659e+00
1.899964664277245419e+00
1.899051013055047310e+00
1.897155471593417353e+00
1.894285475294189336e+00
1.890479017029489395e+00
1.885798892100206459e+00
1.880327190677406168e+00
1.874160129921293994e+00
1.867403305937494373e+00
1.860167429387441507e+00
1.852564589505724335e+00
1.844705071115129824e+00
1.836694729466844089e+00
1.828632909630552028e+00
1.820610881629560973e+00
1.812710750217007893e+00
1.805004789284415878e+00
1.797555145448551883e+00
1.790413853043407721e+00
1.783623103150722145e+00
1.777215711902160766e+00
1.771215737528732737e+00
1.765639200953911248e+00
1.760494870696208913e+00
1.755785078965216073e+00
1.751506541865154087e+00
1.747651162260329905e+00
1.744206798978822359e+00
1.741157990513572784e+00
1.738486625242128270e+00
1.736172553353405590e+00
1.734194138262027174e+00
1.732528747313882622e+00
1.731153183111910021e+00
1.730044057933983748e+00
1.729178114469504646e+00
1.728532496610938107e+00
1.728084974311670408e+00
1.727814126616706858e+00
1.727699486972065435e+00
1.727721654786128269e+00
1.727862377058019483e+00
1.728104603658084493e+00
1.728432519627103758e+00
1.728831557592418022e+00
1.729288393164344573e+00
1.729791130793384646e+00
1.730328411901109753e+00
1.730890518028958214e+00
1.731471136862273053e+00
1.732062223484633456e+00
1.732656012940833490e+00
1.733244687022362118e+00
1.733823723714946086e+00
1.734389343562795505e+00
1.734944886036620115e+00
1.735473806089880000e+00
1.735981982683856728e+00
1.736468067197747267e+00
1.736931103936961485e+00
1.737370541767297771e+00
1.737786182963845905e+00
1.738178134525292684e+00
1.738546762657666722e+00
1.738892650565429854e+00
1.739216559608555812e+00
1.739519393840361916e+00
