1.808707897123385422e+00
1.043508796296564789e+00
2.003693029242010759e+00
2.010644638896141423e+00
2.761410200339898591e+00
2.883553837770495676e+00
2.928202953400973030e+00
2.882477017981473821e+00
2.508093521742553733e+00
2.282244256011382255e+00
2.151147973375180822e+00
2.079718222212103118e+00
2.136371235409018077e+00
2.231648575676751456e+00
2.329550770258606462e+00
2.423960505380941655e+00
2.510029841625616154e+00
2.588593531571604434e+00
2.650646720171420334e+00
2.694448891683911995e+00
2.699646110577563540e+00
2.375553010990647973e+00
1.948486121414939820e+00
1.671745056878210844e+00
1.498389683934465921e+00
1.395393592681367867e+00
1.339866382473367867e+00
1.316128774782936661e+00
1.313361014173196617e+00
1.324101283175507904e+00
1.343211988602202922e+00
1.367177204128672496e+00
1.393589249960097476e+00
1.420828637555076934e+00
1.447840847705903489e+00
1.473943865592830083e+00
1.498720794785393995e+00
1.521938114884125337e+00
1.543496789899231558e+00
1.563355279918342999e+00
1.581548741200806241e+00
1.598150761223430472e+00
1.613249570141197298e+00
1.626944347557318871e+00
1.639346979607387400e+00
1.650545084174324995e+00
1.660645608984018029e+00
1.669749361490013850e+00
1.677947584238421719e+00
1.685332406311800035e+00
1.691965168255520791e+00
1.697925567615887532e+00
1.703281392514534698e+00
1.708092707788110731e+00
1.712420993513268819e+00
1.716298026568257473e+00
1.719778038151107635e+00
1.722901772341283611e+00
1.725713737131463699e+00
1.728226704331869978e+00
1.730482299375729394e+00
1.732506521265427590e+00
1.734332275125332945e+00
1.735958157683426872e+00
1.737418166291537780e+00
1.738728542982978631e+00
1.739915180671827155e+00
1.740965264128797818e+00
1.741909071041963575e+00
1.742756585941758862e+00
1.743517473146792618e+00
1.744200372201996974e+00
1.744813114029339030e+00
1.745362790612432713e+00
1.745855807436367924e+00
1.746297938412987971e+00
1.746694380980557071e+00
1.747049809188180536e+00
1.747368423597646103e+00
1.747653997481414034e+00
1.747909919171841686e+00
1.748139230629516705e+00
1.748352688094524154e+00
1.748532167572026008e+00
1.748694241256934401e+00
1.748840539396952831e+00
1.748972024739176678e+00
1.749089941199856391e+00
1.749195560773423530e+00
1.749290081215216119e+00
1.749384248454138646e+00
1.749454056574866190e+00
1.749518351530006566e+00
1.749577139187756591e+00
1.749630264047047579e+00
1.749677918888845607e+00
1.749720512118720261e+00
1.749758490312749881e+00
1.749792289828788316e+00
1.749833693732832485e+00
