1.750000056192662523e+00
1.858273188388708919e+00
1.911979576936943870e+00
1.944074340996786887e+00
1.962650228208773218e+00
1.971956072958048978e+00
1.974750019576234639e+00
1.972757651689750924e+00
1.966934946797651129e+00
1.957742638717215655e+00
1.945361927437479377e+00
1.929865409658394260e+00
1.911317043785586200e+00
1.889843253576122262e+00
1.865648709303989516e+00
1.839013855571585143e+00
1.810278015718782330e+00
1.779817722422751380e+00
1.748026070766459661e+00
1.715296110712920541e+00
1.682009273539430083e+00
1.648529337147536467e+00
1.615195063579602186e+00
1.582329295102733013e+00
1.550229883925192009e+00
1.519176965534622115e+00
1.489434076965994613e+00
1.461249817832457776e+00
1.434859153005623389e+00
1.410484229070076534e+00
1.388334728574417420e+00
1.368607838714086755e+00
1.351487928525482385e+00
1.337146026080748396e+00
1.325739172677850908e+00
1.317409710129636924e+00
1.312284533649792584e+00
1.310474318919967018e+00
1.312072709378045987e+00
1.317155430029152141e+00
1.325779278725141896e+00
1.337980936842247282e+00
1.353775541006388972e+00
1.373154968665307951e+00
1.396085815504968686e+00
1.422507083890333757e+00
1.452327659111730007e+00
1.485423722205475361e+00
1.521636329034548485e+00
1.560769465555165603e+00
1.602588954839504698e+00
1.733517499338919077e+00
1.873758411849183458e+00
1.980598821226700057e+00
2.064424517540400128e+00
2.133832873353244342e+00
2.192655467881230447e+00
2.241738065951023984e+00
2.280673394733772952e+00
2.309040198214705075e+00
2.327113896567092777e+00
2.336084377754043651e+00
2.337883629507967242e+00
2.334786094299231340e+00
2.328964595043800934e+00
2.322148431232458066e+00
2.315458561429573514e+00
2.309404509935534477e+00
2.304007014659377628e+00
2.298958445324319033e+00
2.293782035366193739e+00
2.287946372674322326e+00
2.280987754866965478e+00
2.272491959594433730e+00
2.262147772634652387e+00
2.249743886579159913e+00
2.235155295435310663e+00
2.218329617070544213e+00
2.199287027510751447e+00
2.178041963501161860e+00
2.154712247715728779e+00
2.129406804586149171e+00
2.102256313398342069e+00
2.073404773202122797e+00
2.043005010277132882e+00
2.011215671428989715e+00
1.978199253624593368e+00
1.944120893005410800e+00
1.909147668689279431e+00
1.873448211544209485e+00
1.837192452264441389e+00
1.800551390513426497e+00
1.763696811213276927e+00
1.726800910846057580e+00
1.690035823908439649e+00
1.653573057493827658e+00
1.617582851761112828e+00
1.582233487786715909e+00
1.547690563728357560e+00
1.514116258623433797e+00
1.481668598789318336e+00
1.450500739175035747e+00
1.420760266386263515e+00
1.392588528768849976e+00
1.366119999042259447e+00
1.341481668403018634e+00
1.318792477292514587e+00
1.298162771466349508e+00
1.279694762534748786e+00
1.263476715691365992e+00
1.249594217296850385e+00
1.238116903660181123e+00
1.229104777795479553e+00
1.222606599545819961e+00
1.218659312843228371e+00
1.217287582616078723e+00
1.218503329728111817e+00
1.222305315826003769e+00
1.228678666233136818e+00
1.237594474950453716e+00
1.249009460834622054e+00
1.262865716372760794e+00
1.279090618248820643e+00
1.297596907509093178e+00
1.318283020619604784e+00
1.341033746910376134e+00
1.365721168341383684e+00
1.392205988368772518e+00
1.420339188106184203e+00
1.449963985751606899e+00
1.480918115968538507e+00
1.513035819194857190e+00
1.546150527472482272e+00
1.580096913412122994e+00
1.614712571591965462e+00
1.649839477834339263e+00
1.685324855093594199e+00
1.721021463064026147e+00
1.756787340272385478e+00
1.792485080927329832e+00
1.827980778170190002e+00
1.863142798168793357e+00
1.897840560284682621e+00
1.931943486203298033e+00
1.965320248383098267e+00
1.997838401713351919e+00
2.029364430095649929e+00
2.059764190265700901e+00
2.088903695649377390e+00
2.116650155955817514e+00
2.142873187045903016e+00
2.167446101341553799e+00
2.190247192043364599e+00
2.211160978341248473e+00
2.230079366491604986e+00
2.246902759726213006e+00
2.261540905200960072e+00
2.273913711248833014e+00
2.283952288641410533e+00
2.291599275160320026e+00
2.296809391981980308e+00
2.299549828245650129e+00
2.299800479542251530e+00
2.297554053377626193e+00
2.292816048696613151e+00
2.285604620826399369e+00
2.275950347321228140e+00
2.263895912603872684e+00
2.249495729652073450e+00
2.232815515424561248e+00
2.213931833739890109e+00
2.192931615552870639e+00
2.169911662662194374e+00
2.144978137362726578e+00
2.118246037793122927e+00
2.089838656897557989e+00
2.059887022031987591e+00
2.028529312181919675e+00
1.995910250330742208e+00
1.962180469502467162e+00
1.927495852184872627e+00
1.892016844039736245e+00
1.855907743893863371e+00
1.819335972894633446e+00
1.782471326375665299e+00
1.745485212410515796e+00
1.708549881264009640e+00
1.671837650016413157e+00
1.635520126577374000e+00
1.599767437157403105e+00
1.564747461047507837e+00
1.530625076287298603e+00
1.497561419479922940e+00
1.465713162631222977e+00
1.435231802526067968e+00
1.406262992811404988e+00
1.378945893705155523e+00
1.353412491009078789e+00
1.329787017868237609e+00
1.308185356363815721e+00
