1.000008633469545272e+00
1.000781605604526447e+00
2.277288869301997920e+00
2.152038605842312879e+00
2.582999021152950991e+00
2.802911057892578661e+00
2.888771535587944417e+00
2.927098415228141626e+00
2.875933541490402590e+00
2.518806737228579617e+00
2.305401258592968627e+00
2.181335614673535872e+00
2.181049996969824267e+00
2.243824474939902114e+00
2.319248704432818720e+00
2.404636235046070158e+00
2.480991489296772823e+00
2.549951320580679859e+00
2.608878943571496301e+00
2.654584000967591173e+00
2.687656967750514880e+00
2.674971005913197253e+00
2.217813293581364587e+00
1.843628591097600911e+00
1.596736960182683518e+00
1.443262953657827197e+00
1.358876883633854948e+00
1.325462366142215798e+00
1.329198963402272060e+00
1.359560572194063566e+00
1.408710265956368834e+00
1.471145735058784654e+00
1.543404572128496355e+00
1.623858623795028322e+00
1.713180230616365041e+00
1.816199330852883653e+00
1.940245142862528027e+00
2.095734638681285844e+00
2.209594639432242325e+00
2.487858314594326270e+00
2.650395568810354874e+00
2.596638591637494109e+00
2.179462034650313296e+00
2.108164426909699962e+00
1.912996026514418446e+01
1.697718837271403372e+08
8.495535263813208997e+129
nan
nan
nan
nan
nan
nan
nan
nan
nan
nan
nan
nan
nan
nan
nan
nan
nan
nan
nan
nan
nan
nan
nan
nan
nan
nan
nan
nan
nan
nan
nan
nan
nan
nan
nan
nan
nan
nan
nan
nan
nan
nan
nan
nan
nan
nan
nan
nan
nan
nan
nan
nan
nan
