1.750000056192662523e+00
1.888331023389179908e+00
1.955717155265513707e+00
1.993717738695922392e+00
2.016292801184491168e+00
2.030680320148224638e+00
2.040727320913120924e+00
2.047633982507061745e+00
2.050749780288433577e+00
2.048552250873246994e+00
2.039562936824294237e+00
2.022927498443354732e+00
1.998798549599980046e+00
1.968192377045927532e+00
1.932514948725140513e+00
1.893523702177667634e+00
1.852857700456303824e+00
1.811813680958440198e+00
1.771338977062956177e+00
1.732058238969421904e+00
1.694358486773765993e+00
1.658484414423833320e+00
1.624620139762359194e+00
1.592947831179834850e+00
1.563682912870512531e+00
1.537089995746740989e+00
1.513484824289009101e+00
1.493226974663316442e+00
1.476706908609964231e+00
1.464329881940820144e+00
1.456497472472226828e+00
1.453594139193661094e+00
1.455960614950434273e+00
1.463886193587958573e+00
1.477590213952464815e+00
1.497210199466985081e+00
1.522792614185080495e+00
1.554287064353853332e+00
1.591544325605379395e+00
1.634318246052257173e+00
1.682271215037876022e+00
1.734982514618400806e+00
1.791958553187338321e+00
1.852643797564776929e+00
1.916431237307513413e+00
1.982671460578597111e+00
2.050679866490458636e+00
2.119742098387679796e+00
2.189118329943637420e+00
2.258047439775173082e+00
2.325752275165440253e+00
2.467562690504360390e+00
2.619773702963911877e+00
2.705824702184145725e+00
2.738665922363637595e+00
2.741740548408163392e+00
2.729153527734625939e+00
2.704831091962732970e+00
2.674582886813684723e+00
2.645124911415802860e+00
2.630420596703801017e+00
2.616842232401836554e+00
2.606444473398141337e+00
2.595007340012244867e+00
2.590714867109106478e+00
2.585538807527124838e+00
2.584732506528221840e+00
2.588665682048139516e+00
2.597902798388479262e+00
2.612334903838561928e+00
2.632507506133270780e+00
2.659114756201641505e+00
2.692572700950718545e+00
2.733228582725988343e+00
2.782164812252442943e+00
2.838898693374958704e+00
2.909346007281561342e+00
2.996549018417444366e+00
3.103077694951623222e+00
3.231430005954377460e+00
3.385852922942644838e+00
3.570069539716234974e+00
3.787544587572770460e+00
4.049969723432051083e+00
4.299278932631573014e+00
4.572943432791824137e+00
4.862044713262271500e+00
5.074036017503717133e+00
5.227845854625368105e+00
4.973016849041357546e+00
4.890249165403650622e+00
4.383641116674277249e+00
3.694080250026655854e+00
3.023580376477828402e+00
2.483672782262226431e+00
2.072228365609046108e+00
1.760775124279088111e+00
1.520599581205507533e+00
1.330565656910865702e+00
1.177420626502762691e+00
1.053567893969684643e+00
9.548011361207403569e-01
8.817648456323000650e-01
8.308068760892898252e-01
7.961816618531273315e-01
7.873093579958513333e-01
7.950429778692421623e-01
8.307999075069911754e-01
8.798746352186547215e-01
9.631816253118975490e-01
9.299057513692655652e-01
9.542726475714865542e-01
8.874730659446273817e-01
8.705116573789170031e-01
8.890485420136425843e-01
9.602913543370948934e-01
1.010065921298213709e+00
1.062845791994738942e+00
1.137991384233849823e+00
1.209114138397619609e+00
1.254655573125736279e+00
1.306513635281386421e+00
1.317640861801033125e+00
1.466562513361051145e+00
1.562603411221719529e+00
1.660819864775293642e+00
1.852840313519210635e+00
2.173923017840831307e+00
2.798345131420489018e+00
4.627716143693527684e+00
1.663250661107948503e+01
1.487353262574660182e+08
nan
nan
nan
nan
nan
nan
nan
nan
nan
nan
nan
nan
nan
nan
nan
nan
nan
nan
nan
nan
nan
nan
nan
nan
nan
nan
nan
nan
nan
nan
nan
nan
nan
nan
nan
nan
nan
nan
nan
nan
nan
nan
nan
nan
nan
nan
nan
nan
nan
nan
nan
nan
nan
nan
nan
nan
nan
nan
nan
nan
nan
nan
nan
nan
nan
nan
nan
nan
