8.113533758160102138e+01
7.935778749729139747e+01
7.921151280514455095e+01
7.880799918842384955e+01
7.829388815337694041e+01
7.776764288221329480e+01
7.727781094984027277e+01
7.680476415237355070e+01
7.631883757696124349e+01
7.581096879862556648e+01
7.526101517721875211e+01
7.465831830764093979e+01
7.404685189193517658e+01
7.345648080407045200e+01
7.291349354847227460e+01
7.243259882155531670e+01
7.202951200618852567e+01
7.172492034911348924e+01
7.151846748270381227e+01
7.139388074635198222e+01
7.133393998772453415e+01
7.132275257142568137e+01
7.134704878071225664e+01
7.138264319847668560e+01
7.141957028602870139e+01
7.145751485107010126e+01
7.149623546223394044e+01
7.153550952890005021e+01
7.157516277604320010e+01
7.161504751005050196e+01
7.165503662710997901e+01
7.169501927233497440e+01
7.173491371879369183e+01
7.177461657539063822e+01
7.181404982797631931e+01
7.185314325848877104e+01
7.189183343200453180e+01
7.193008160056047018e+01
7.196781670042540213e+01
7.200499174507714883e+01
7.204156443356835382e+01
7.207749677015189604e+01
7.211277536802903398e+01
7.214734880050218635e+01
7.218119040576549139e+01
7.221427699837380487e+01
7.224661108341790339e+01
7.227815234154806490e+01
7.230888658962004456e+01
7.230407161272445649e+01
7.180623016387967539e+01
7.091014215568138468e+01
6.970282393705112156e+01
6.825903360090309491e+01
6.664007772739256552e+01
6.489449570509994203e+01
6.305943146244084119e+01
6.116286646377130864e+01
6.000000000000000000e+01
6.000000000000000000e+01
6.000000000000000000e+01
6.000000000000000000e+01
6.000000000000000000e+01
6.000000000000000000e+01
6.000000000000000000e+01
6.000000000000000000e+01
6.000000000000000000e+01
6.000000000000000000e+01
6.000000000000000000e+01
6.000000000000000000e+01
6.000000000000000000e+01
6.000000000000000000e+01
6.000000000000000000e+01
6.000000000000000000e+01
6.000000000000000000e+01
6.000000000000000000e+01
6.000000000000000000e+01
6.000000000000000000e+01
6.000000000000000000e+01
6.000000000000000000e+01
6.000000000000000000e+01
6.000000000000000000e+01
6.000000000000000000e+01
6.000000000000000000e+01
6.000000000000000000e+01
6.000000000000000000e+01
6.000000000000000000e+01
6.000000000000000000e+01
6.000000000000000000e+01
6.000000000000000000e+01
6.000000000000000000e+01
6.000000000000000000e+01
6.000000000000000000e+01
6.000000000000000000e+01
6.000000000000000000e+01
6.000000000000000000e+01
6.000000000000000000e+01
6.000000000000000000e+01
6.000000000000000000e+01
6.000000000000000000e+01
