1.000000000000000000e+00
1.000000000000000000e+00
1.000141367256771163e+00
1.000377902865679181e+00
1.000662635208408480e+00
1.000977086724483156e+00
1.001313458405894252e+00
1.001668676488411514e+00
1.002040630106854513e+00
1.002427302119230923e+00
1.002826543269407233e+00
1.003236096105448505e+00
1.003653697654449228e+00
1.004077189216759702e+00
1.004504605456199240e+00
1.004934234779073066e+00
1.005364651849884883e+00
1.005794726709690279e+00
1.006223616033867119e+00
1.006650741919941527e+00
1.007075762910816463e+00
1.007498541083206023e+00
1.007919108142976583e+00
1.008337632655413874e+00
1.008754389837379861e+00
1.009169734761758752e+00
1.009584079370156262e+00
1.009997873347531439e+00
1.010411588668554517e+00
1.010825707464702017e+00
1.011240712767939698e+00
1.011657081646596179e+00
1.012075280248267539e+00
1.012495760291602931e+00
1.012918956593726216e+00
1.013345285274849239e+00
1.013775142340193280e+00
1.014208902397120582e+00
1.014646917319333319e+00
1.015089514718208852e+00
1.015536996122901492e+00
1.015989634805475994e+00
1.016447673215326253e+00
1.016910457539130341e+00
1.017376232351257848e+00
1.017845007851618355e+00
1.018316752606791775e+00
1.018791389123330005e+00
1.019268789468398939e+00
1.019748770935466231e+00
1.020231091814612023e+00
1.020725917974738106e+00
1.021227758424584575e+00
1.021733685498068089e+00
1.022240184965726106e+00
1.022743815171239579e+00
1.023242135250425289e+00
1.023732631357564760e+00
1.024210835242680639e+00
1.024674497284735697e+00
1.025121668804687136e+00
1.025550706595464545e+00
1.025960335060677631e+00
1.026349695666187500e+00
1.026718381724004869e+00
1.027066456902173686e+00
1.027394456413556867e+00
1.027703370580417497e+00
1.027994611355638410e+00
1.028269963313005020e+00
1.028529072748741946e+00
1.028774048574845335e+00
1.029005336696679151e+00
1.029227319909961080e+00
1.029439678243710521e+00
1.029644485632750905e+00
1.029844469048205591e+00
1.030042275260993900e+00
1.030238780236809371e+00
1.030434433825854201e+00
1.030631738662271646e+00
1.030832922183572142e+00
1.031039897309516284e+00
1.031254239399557182e+00
1.031477178599516265e+00
1.031709605972693344e+00
1.031952091293341534e+00
1.032204910070425807e+00
1.032468077256184280e+00
1.032741385151377367e+00
1.033024443212937848e+00
1.033316717762380987e+00
1.033617569946959414e+00
1.033926290686137062e+00
1.034242131714569801e+00
1.034564332186741042e+00
1.034892140621506584e+00
1.035224466232044893e+00
1.035560221616465659e+00
1.035898616649427506e+00
1.036238919013104942e+00
1.036580459496923901e+00
1.036922634098740525e+00
1.037264903586218923e+00
1.037606791150256225e+00
1.037947878727957463e+00
1.038287802497645629e+00
1.038626247966366822e+00
1.038962944987235737e+00
1.039297662964777436e+00
1.039630206434541515e+00
1.039960411140716134e+00
1.040288140683116369e+00
1.040613283762767738e+00
1.040935752022662975e+00
1.041255478456086569e+00
1.041572416337834150e+00
1.041886538622329272e+00
1.042197837745697075e+00
1.042506325765057529e+00
1.042812034766616769e+00
1.043115017473684736e+00
1.043415347985910735e+00
1.043713122581354735e+00
1.044008460513701442e+00
1.044301504735448027e+00
1.044592422479035942e+00
1.044881405630139648e+00
1.045168670823457990e+00
1.045454459195489738e+00
1.045739035730618216e+00
1.046022688141018619e+00
1.046305725227245409e+00
1.046588474675295588e+00
1.046871280257859915e+00
1.047154498422604441e+00
1.047438494268824627e+00
1.047723636935564917e+00
1.048010294449018609e+00
1.048298828104099245e+00
1.048589586483925196e+00
1.048882899249759859e+00
1.049179070857194640e+00
1.049478374392437630e+00
1.049781045726436268e+00
1.050087278207467500e+00
1.050397218114246023e+00
1.050710961090403739e+00
1.051028549752563102e+00
1.051349972652540599e+00
1.051675164717194466e+00
1.052004009243049154e+00
1.052336341459354729e+00
1.052671953604085830e+00
1.053010601385381717e+00
1.053352011630331653e+00
1.053695890858549866e+00
1.054041934464419406e+00
1.054389836153490245e+00
1.054739297258820319e+00
1.055090035564272721e+00
1.055441793284645824e+00
1.055794343896049536e+00
1.056147497571483962e+00
1.056501105051936173e+00
1.056855059867177760e+00
1.057209298906802264e+00
1.057563801424771688e+00
1.057918586634208236e+00
1.058273710108685650e+00
1.058629259248925703e+00
1.058985630657672372e+00
1.059342848624260647e+00
1.059701011710554752e+00
1.060060244612852198e+00
1.060420685343500313e+00
1.060782478121153671e+00
1.061145768287554247e+00
1.061510698285528465e+00
1.061877404460469965e+00
1.062246014629764312e+00
1.062616646383374830e+00
1.062989406060069530e+00
1.063364388324462562e+00
1.063741676258392443e+00
1.064121341876096416e+00
1.064503446974221612e+00
1.064888044232986664e+00
1.065275178492204988e+00
1.065664888134279842e+00
1.066057206514897882e+00
1.066452163390539276e+00
1.066849786299796321e+00
1.067250101862791789e+00
1.067653136969665129e+00
1.068058919835220610e+00
1.068467480902422828e+00
1.068878853582518662e+00
1.069293074824176237e+00
1.069710185508108591e+00
1.070130230667188931e+00
1.070553259535006907e+00
1.070977593538171568e+00
1.071403151644621410e+00
1.071829936032343999e+00
1.072257949676748146e+00
1.072687195681093719e+00
1.073117676546490262e+00
1.073549393373775862e+00
1.073982344995258353e+00
1.074416527036501146e+00
1.074851878830707319e+00
1.075286992411242482e+00
1.075721804867045384e+00
1.076156245645659482e+00
1.076590235419747410e+00
1.077023684966037509e+00
1.077456494014630062e+00
1.077888550067766849e+00
1.078319727192689870e+00
1.078749884796458725e+00
1.079177783829339710e+00
1.079603127223188519e+00
1.080025703507754065e+00
1.080445284131096528e+00
1.080861622731269511e+00
1.081274454562259457e+00
1.081683496103538644e+00
1.082088431263677597e+00
1.082488082480456804e+00
1.082882121444864287e+00
1.083270207152888132e+00
1.083651987561616625e+00
1.084027101829389217e+00
1.084395183140259178e+00
1.084755862156172812e+00
1.085108771136789718e+00
1.085453548754616193e+00
1.085789845616808025e+00
1.086117330484427379e+00
1.086435697155107460e+00
1.086744671946220153e+00
1.087044021683279515e+00
1.087333562063300674e+00
1.087613166226365280e+00
1.087882773332286002e+00
1.088142396904933973e+00
1.088392132676648361e+00
1.088632165641593375e+00
1.088862776012371469e+00
1.089084343770998720e+00
1.089297351515519763e+00
1.089502385328631640e+00
1.089700133435537177e+00
1.089891382474817538e+00
1.090077011277346575e+00
1.090257052864812115e+00
1.090431887943754896e+00
1.090602552069835030e+00
1.090770144681716181e+00
1.090935813177025926e+00
1.091100735324281201e+00
1.091266100404039596e+00
1.091433089604263440e+00
1.091601671136544160e+00
1.091772317788736402e+00
1.091946147235261622e+00
1.092124209154747172e+00
1.092307487245396169e+00
1.092496877760405161e+00
1.092693173396632744e+00
1.092897051048841162e+00
1.093109063283757454e+00
1.093329633495370379e+00
1.093559054663888253e+00
1.093796713279083344e+00
1.094042806122474287e+00
1.094297416541428758e+00
1.094560498919966429e+00
1.094831889855900631e+00
1.095111321587078912e+00
1.095398437032394368e+00
1.095692805805566605e+00
1.095993940579603532e+00
1.096301313225232832e+00
1.096614370213306655e+00
1.096932546854020085e+00
1.097255280038987424e+00
1.097582019250012975e+00
1.097912235695310601e+00
1.098245429525184225e+00
1.098581135160873634e+00
1.098918924839486611e+00
1.099258410532910624e+00
1.099599244438508761e+00
1.099941118264488038e+00
1.100283761544055050e+00
1.100626939211486910e+00
1.100970448662084378e+00
1.101314116498959939e+00
1.101657795145067897e+00
1.101999488160376517e+00
1.102338869461376492e+00
1.102675796278672848e+00
1.103010143686488531e+00
1.103341801771113628e+00
1.103670673296880178e+00
1.103996671853609612e+00
1.104319720472795918e+00
1.104639750691545741e+00
1.104956702035311489e+00
1.105270521884725410e+00
1.105581165688356737e+00
1.105888597481789803e+00
1.106192790631112199e+00
1.106493728658040965e+00
1.106791406620579288e+00
1.107085832942190651e+00
1.107377030553082342e+00
1.107665038251320455e+00
1.107949912265209003e+00
1.108231727886875850e+00
1.108510581082703395e+00
1.108786590017189821e+00
1.109059896438635784e+00
1.109330667229323941e+00
1.109599095092388410e+00
1.109865398964189787e+00
1.110129824506375096e+00
1.110392644072418555e+00
1.110654156183479957e+00
1.110914684467879887e+00
1.111174576015510285e+00
1.111434054268016558e+00
1.111693587501899172e+00
1.111953589955595900e+00
1.112214483879945259e+00
1.112476694263624388e+00
1.112740643179844335e+00
1.113006742995193310e+00
1.113275391301510320e+00
1.113546965322609106e+00
1.113821815111183167e+00
1.114100256846560111e+00
1.114382566414610309e+00
1.114668560624749505e+00
1.114958589186665350e+00
1.115252861702476395e+00
1.115551498746431447e+00
1.115854543154381595e+00
1.116161966859651411e+00
1.116473676453969111e+00
1.116789520817921488e+00
1.117109298220166691e+00
1.117432759773039352e+00
1.117759619359379508e+00
1.118089563444630397e+00
1.118422261455910727e+00
1.118757376414669658e+00
1.119094575463482455e+00
1.119433539906953046e+00
1.119773974396797156e+00
1.120115615041907819e+00
1.120458236004839847e+00
1.120801653437595524e+00
1.121145729254143797e+00
1.121490372399713387e+00
1.121835538426422474e+00
1.122181227494929212e+00
1.122524354081861686e+00
1.122864460335294856e+00
1.123201624328691084e+00
1.123535908921834414e+00
1.123867361943848397e+00
1.124196016796575215e+00
1.124521893375691306e+00
1.124844999228600262e+00
1.125165330870548042e+00
1.125482875186526899e+00
1.125798660456685862e+00
1.126111656962277108e+00
1.126421956422189563e+00
1.126729882762836921e+00
1.127035950586968260e+00
1.127340266873988917e+00
1.127642884131363488e+00
1.127943760679006591e+00
1.128242846050405701e+00
1.128540092987701859e+00
1.128835457460811487e+00
1.129128898588166674e+00
1.129420378467458796e+00
1.129709861936294635e+00
1.129997316279987452e+00
1.130282710901214571e+00
1.130563846348304313e+00
1.130842795777612375e+00
1.131119511940794409e+00
1.131394016607372599e+00
1.131666330071577464e+00
