7.874777293308576986e+01
7.578750666913116163e+01
7.433334507737630759e+01
7.407937746546679136e+01
7.370282990018560554e+01
7.328668544211080871e+01
7.289549276986808479e+01
7.254231256295148000e+01
7.222728805702389820e+01
7.194587370527058567e+01
7.170281982349325745e+01
7.150850695825351977e+01
7.136908562827160551e+01
7.127937835523100318e+01
7.123115966506436791e+01
7.122331729450431226e+01
7.124601405775045748e+01
7.128159011286554403e+01
7.133850706328841795e+01
7.144679457113309695e+01
7.156212769205934876e+01
7.168174149872083945e+01
7.180483604415334753e+01
7.193065985828430087e+01
7.205853158671713743e+01
7.218784402632593356e+01
7.231805989014858937e+01
7.244870458327740437e+01
7.257935863562795475e+01
7.270965089736726839e+01
7.283925279530187424e+01
7.296787358178968930e+01
7.309525638204459597e+01
7.322117483620895939e+01
7.334544132900205682e+01
7.346787090703891465e+01
7.358831239224502951e+01
7.370663504043164949e+01
7.382253910173612610e+01
7.393258601616973635e+01
7.403593222310823307e+01
7.413312012161374298e+01
7.422467119377768086e+01
7.431107416673431487e+01
7.439278824551567482e+01
7.447022550903760418e+01
7.454310713515296527e+01
7.461165600583717605e+01
7.467630900203421618e+01
7.473747370126199030e+01
7.479552518741949996e+01
7.485068651955903363e+01
7.490220483652365147e+01
7.495049113140420616e+01
7.499593999425354696e+01
7.503891340917719788e+01
7.507974425860240331e+01
7.511873428814881493e+01
7.515615494643934369e+01
7.519224866426537801e+01
7.522723037762538922e+01
7.526129105738586134e+01
7.529459423663980999e+01
7.532728187766129224e+01
7.535947503434965711e+01
7.539127529759079493e+01
7.542276755911221642e+01
7.545401800711317719e+01
7.548507779561704467e+01
7.551510100985763074e+01
7.554251209287282620e+01
7.556744041718430083e+01
7.559001395505612209e+01
7.561036430635722638e+01
7.562861031372963794e+01
7.564487313391420287e+01
7.565927970682487569e+01
7.567193668668269879e+01
7.568295554230370215e+01
7.569244411479074586e+01
7.570050645581267190e+01
7.570724271018620755e+01
7.571274902993219769e+01
7.571711751833169046e+01
7.572043620145159082e+01
7.572278902457036054e+01
7.572425587209434639e+01
7.572491260976107696e+01
7.572483114123650694e+01
7.572407947869886868e+01
7.572272182633282966e+01
7.572081867490406637e+01
7.571842690562033340e+01
7.571561100131087585e+01
7.571240951018776855e+01
7.570886914953422320e+01
7.570503353073854669e+01
7.570094325989533957e+01
7.569664821291830492e+01
7.569217073019605380e+01
7.568754315587116821e+01
7.568279537453197747e+01
7.567796831821026160e+01
7.567307322529960345e+01
7.566813323321058249e+01
7.566318481248823957e+01
7.565823116741061938e+01
7.565328977605611271e+01
7.564837648827777628e+01
7.564352196369711123e+01
7.563872170065583589e+01
7.563400656583178261e+01
7.562936613028155364e+01
7.562480935657596604e+01
7.562036581874905039e+01
7.561601929811025968e+01
7.561177569183242042e+01
7.560764003588045057e+01
7.560363889455638287e+01
7.559975174995243208e+01
7.559598139362120151e+01
7.559235429916640214e+01
7.558884585777840925e+01
7.558545722512481291e+01
7.558218902888899038e+01
7.557906542958215823e+01
7.557606007439142104e+01
7.557317251741545761e+01
7.557042692998648192e+01
7.556779465708650889e+01
7.556527449126429019e+01
7.556289027722397122e+01
7.556061200605539341e+01
7.555846579916453720e+01
7.555641853631762217e+01
7.555446833864726841e+01
7.555263926156807486e+01
7.555089951629497591e+01
7.554924691077540899e+01
7.554766863507956032e+01
7.554616307616926463e+01
7.554472883151191809e+01
7.554335604966033202e+01
7.554205365621355384e+01
7.554081958924170692e+01
7.553963935350961378e+01
7.553850246260327594e+01
7.553739353632667530e+01
7.553629877296285144e+01
7.553522080147159556e+01
