4.741082648945253908e+01
4.896018643490526756e+01
4.928038315266058333e+01
4.926163632997461406e+01
4.910921945954836332e+01
4.890584780085350047e+01
4.868129926331372559e+01
4.843628112453551182e+01
4.816971491186070153e+01
4.790203093748892371e+01
4.763490297235644988e+01
4.734414224361280077e+01
4.704185551990671854e+01
4.674123631179610783e+01
4.645050951841516707e+01
4.617457321003278992e+01
4.591585680472775266e+01
4.567505213273607723e+01
4.545080479473961788e+01
4.524052765650363739e+01
4.504269005978014206e+01
4.486232829639669717e+01
4.471072026070695671e+01
4.459581564336261295e+01
4.452425539880346150e+01
4.448687173577594223e+01
4.447052229729979445e+01
4.445589079657312226e+01
4.444197667686382403e+01
4.442824578836255967e+01
4.441441144649926542e+01
4.440035307035644507e+01
4.438605929959964413e+01
4.437158413638052679e+01
4.435701725968217346e+01
4.434247073316203824e+01
4.432805362077331779e+01
4.431386802761093691e+01
4.430000826363848887e+01
4.428655779798127412e+01
4.427359442750976370e+01
4.426074158490960286e+01
4.424807417764956341e+01
4.423573198358005953e+01
4.422378971637181166e+01
4.421234517916023066e+01
4.420143555062067975e+01
4.419109231911876634e+01
4.418133996427048515e+01
4.417219512354131439e+01
4.416360632081641313e+01
4.415553894850457084e+01
4.414801059224896562e+01
4.414103036833289195e+01
4.413460013817280725e+01
4.412873728729817202e+01
4.412342223952039433e+01
4.411863538384853456e+01
4.411435667628701651e+01
4.411056520423125704e+01
4.410725571044547877e+01
4.410439760366158168e+01
4.410196271007963986e+01
4.409993900307076586e+01
4.409829443461818244e+01
4.409700027643612685e+01
4.409604237484132483e+01
4.409539066709469068e+01
4.409501841065974759e+01
4.409491118092299189e+01
4.409504231811466468e+01
4.409538814103654403e+01
4.409593476317215988e+01
4.409665947393251173e+01
4.409754789751976034e+01
4.409857925390449651e+01
4.409973960798752302e+01
4.410101069547015129e+01
4.410237932343498102e+01
4.410382989179872482e+01
4.410535002175677022e+01
4.410692748365779892e+01
4.410855011957865202e+01
4.411019277425492646e+01
4.411182310823175357e+01
4.411343729342156905e+01
4.411503005008366785e+01
4.411659778695547374e+01
4.411814016637426761e+01
4.411965121381096822e+01
4.412113268854602666e+01
4.412257802628592174e+01
4.412399110495778842e+01
4.412537175507563347e+01
4.412671102495950493e+01
4.412800095294309699e+01
4.412923584587662162e+01
4.413041649186692439e+01
4.413154958122910898e+01
4.413263033807682234e+01
