1.000000000000000000e+00
1.000000000000000000e+00
1.000000000000000000e+00
1.000000000000000000e+00
1.000000000000000000e+00
1.000000000000000000e+00
1.000000000000000000e+00
1.000000000000000000e+00
1.000000000000000000e+00
1.000000000000000000e+00
1.000000000000000000e+00
1.000000000000000000e+00
1.000000000000000000e+00
1.000000000000000000e+00
1.000000000000000000e+00
1.000000000000000000e+00
1.000000000000000000e+00
1.000000000000000000e+00
1.000000000000000000e+00
1.000000000000000000e+00
1.000000000000000000e+00
1.000000000000000000e+00
1.000000000000000000e+00
1.000000000000000000e+00
1.000000000000000000e+00
1.000000000000000000e+00
1.000000000000000000e+00
1.000000000000000000e+00
1.000000000000000000e+00
1.000000000000000000e+00
1.000000000000000000e+00
1.000000000000000000e+00
1.000000000000000000e+00
1.000000000000000000e+00
1.000000000000000000e+00
1.000000000000000000e+00
1.000000000000000000e+00
1.000000000000000000e+00
1.000000000000000000e+00
1.000000000000000000e+00
1.000000000000000000e+00
1.000000000000000000e+00
1.000000000000000000e+00
1.000000000000000000e+00
1.004257791793100374e+00
1.000000000000000000e+00
1.041843775052658350e+00
1.206284630655458656e+00
1.165422557245289426e+00
1.175810823763870694e+00
1.000000000000000000e+00
1.144309263094053009e+00
1.259968918914558422e+00
1.232496085912632156e+00
1.249420459022966057e+00
1.319107518498486842e+00
1.559141792372442659e+00
1.797720212485360403e+00
1.978306989508650693e+00
1.365199188432187460e+00
1.000000000000000000e+00
1.000000000000000000e+00
1.000000000000000000e+00
1.000000000000000000e+00
1.000000000000000000e+00
1.000000000000000000e+00
1.000000000000000000e+00
1.000000000000000000e+00
1.000000000000000000e+00
1.000000000000000000e+00
1.000000000000000000e+00
1.000000000000000000e+00
1.000000000000000000e+00
1.000000000000000000e+00
1.000000000000000000e+00
1.000000000000000000e+00
1.000000000000000000e+00
1.000000000000000000e+00
1.000000000000000000e+00
1.000000000000000000e+00
1.000000000000000000e+00
1.000000000000000000e+00
1.024399513489024249e+00
1.000000000000000000e+00
1.000000000000000000e+00
1.085362143182092565e+00
1.185681579146348419e+00
1.268631118941104807e+00
1.363751720551924951e+00
1.554170253208257968e+00
1.668666762138133475e+00
1.937210124572354752e+00
1.437187497653794388e+00
1.704314217765983130e+00
1.202056223266769086e+00
1.000000000000000000e+00
1.000000000000000000e+00
1.000000000000000000e+00
1.000000000000000000e+00
1.000000000000000000e+00
1.000000000000000000e+00
1.000000000000000000e+00
1.000000000000000000e+00
1.000000000000000000e+00
1.000000000000000000e+00
1.073625800058513491e+00
1.091858530967338980e+00
1.187840763931538035e+00
1.184172490775213582e+00
1.175005386998447143e+00
1.081604877764763550e+00
1.007839422669698504e+00
1.000000000000000000e+00
1.000000000000000000e+00
1.041798775307771097e+00
1.000000000000000000e+00
1.000000000000000000e+00
1.017779944614581655e+00
1.000000000000000000e+00
1.000000000000000000e+00
1.021462912333142237e+00
1.000000000000000000e+00
1.014831984004937571e+00
1.021805948309619350e+00
1.000000000000000000e+00
1.000000000000000000e+00
1.000000000000000000e+00
1.000000000000000000e+00
1.000000000000000000e+00
1.000000000000000000e+00
1.000000000000000000e+00
1.000000000000000000e+00
1.000000000000000000e+00
1.000000000000000000e+00
1.000000000000000000e+00
1.000000000000000000e+00
1.000000000000000000e+00
1.000000000000000000e+00
1.000000000000000000e+00
1.000000000000000000e+00
1.000000000000000000e+00
1.000000000000000000e+00
1.000000000000000000e+00
1.000000000000000000e+00
1.110040156051658844e+00
1.376892601678475936e+00
1.499839045016631012e+00
1.653810347727440844e+00
2.137101258629249489e+00
1.786551250840467286e+00
2.299959208201991068e+00
2.739463273373034191e+00
2.849620230006878696e+00
2.777052654342390792e+00
2.394902677904128918e+00
2.625854556530291983e+00
1.904092218506030720e+00
1.903633566300979574e+00
1.832823402355588271e+00
1.803002161872848230e+00
1.601861024219077390e+00
1.165680323779508365e+00
1.000000000000000000e+00
1.000000000000000000e+00
1.000000000000000000e+00
1.000000000000000000e+00
1.000000000000000000e+00
1.000000000000000000e+00
1.000000000000000000e+00
1.000000000000000000e+00
1.000000000000000000e+00
1.121630028234463117e+00
1.212053150848079186e+00
1.214338026515934033e+00
1.000000000000000000e+00
1.000000000000000000e+00
1.017828280232829785e+00
1.014928228972558522e+00
1.048769631020626703e+00
1.000000000000000000e+00
1.000000000000000000e+00
1.000000000000000000e+00
1.000000000000000000e+00
1.000000000000000000e+00
1.013172787949873088e+00
1.046048481147438869e+00
1.040949507239006921e+00
1.000000000000000000e+00
1.000000000000000000e+00
1.028585600494984265e+00
1.172347960676830780e+00
1.028175012121902210e+00
1.000000000000000000e+00
1.000000000000000000e+00
1.000000000000000000e+00
1.000000000000000000e+00
1.000000000000000000e+00
1.000000000000000000e+00
1.000000000000000000e+00
1.000000000000000000e+00
