7.373000502059349515e+01
6.735499901508941889e+01
6.184847525127160139e+01
6.178447414145419714e+01
6.166457923654019169e+01
6.153468181927173930e+01
6.140978225719337047e+01
6.129771772975653477e+01
6.120371551753341777e+01
6.113388416135422432e+01
6.109256473687005240e+01
6.108318528543865256e+01
6.110823603709472707e+01
6.115958538149340029e+01
6.123164065229014597e+01
6.132158444661068586e+01
6.142596444352569307e+01
6.154180690452583491e+01
6.166668511389661234e+01
6.179847352175818287e+01
6.193537337985923585e+01
6.207586590428737594e+01
6.221894506466590258e+01
6.236475062546582393e+01
6.251495467213287327e+01
6.267027579859029629e+01
6.283086812528227227e+01
6.299657169974007331e+01
6.316705576446381798e+01
6.334189496997039726e+01
6.352060988725436630e+01
6.370269000529242476e+01
6.388760762320686126e+01
6.407482955938779412e+01
6.426382605948602134e+01
6.445407825526183387e+01
6.464508418883643515e+01
6.483636251713483034e+01
6.502745649514338311e+01
6.521793623118080063e+01
6.540740005934510748e+01
6.559547521422912553e+01
6.578181795757626560e+01
6.596611328349445103e+01
6.614807430539991628e+01
6.632744140525305454e+01
6.650398121098631066e+01
6.667748529095555909e+01
6.684776662608780384e+01
6.701465109781712215e+01
6.717797642856881168e+01
6.733754081804730163e+01
6.749292062857064423e+01
6.764405791472188412e+01
6.779090841479101925e+01
6.793344061127055511e+01
6.807163068123468008e+01
6.820546928177093093e+01
6.833495289726072031e+01
6.846009217275393155e+01
6.858090155346039296e+01
6.869740938043419476e+01
6.880964912377967835e+01
6.891765746794553138e+01
6.902148556928540302e+01
6.912118707400935591e+01
6.921678219843141733e+01
6.930811798139212954e+01
6.939525382584571389e+01
6.947825844012349705e+01
6.955720628886042789e+01
6.963217836809080552e+01
6.970326154864893908e+01
6.977054796605821707e+01
6.983413441576685443e+01
6.989412152603702566e+01
6.995061409393430552e+01
7.000371935315970973e+01
7.005354688617710224e+01
7.010020809527219399e+01
7.014381569285043838e+01
7.018448428454395582e+01
7.022232695247684831e+01
7.025745755381822732e+01
7.028998944514854941e+01
7.032003345361252400e+01
7.034770244699525676e+01
7.037310628570125459e+01
7.039635163435409027e+01
7.041754597517412151e+01
7.043679317366090231e+01
7.045419470469330747e+01
7.046984943337685081e+01
7.048364951757849894e+01
7.049559056899516918e+01
7.050578596699811840e+01
7.051433553712892888e+01
7.052132307548595236e+01
7.052684164049399840e+01
7.053097941203724019e+01
