7.079732994082917230e+01
5.509561128507053951e+01
4.602637673992151690e+01
4.498268763611570620e+01
4.711365364461128280e+01
4.863691076370309929e+01
4.972010457662488392e+01
5.046242076127759901e+01
5.094746636730450717e+01
5.124528676090282175e+01
5.141048533044492075e+01
5.148412184970051442e+01
5.149645680018831939e+01
5.146973900011433756e+01
5.142036689331273891e+01
5.135570176861969571e+01
5.127925306755207657e+01
5.116547640563050692e+01
5.102118018921425602e+01
5.087283058820311510e+01
5.074737529542983339e+01
5.065561509750486380e+01
5.059932310128874633e+01
5.057071702801841440e+01
5.055490319005694744e+01
5.054979229917084638e+01
5.055341394418129397e+01
5.056403437639855269e+01
5.058019645477182280e+01
5.060069435708101082e+01
5.062455701726879198e+01
5.065101323091522545e+01
5.067945655172566433e+01
5.070941331311023248e+01
5.074051501053847346e+01
5.077247525219370772e+01
5.080507097912110481e+01
5.083812744090162994e+01
5.087150635456159620e+01
5.090509669320270092e+01
5.093880909782487265e+01
5.097257421968510727e+01
5.100632429438201143e+01
5.104000003293004539e+01
5.107354834134032018e+01
5.110692066478068085e+01
5.114007184314507981e+01
5.117295934781900257e+01
5.120554279844418488e+01
5.123778368161111274e+01
5.126964521169251299e+01
5.130109379352622767e+01
5.133210183884546041e+01
5.136263531851282949e+01
5.139266264301814147e+01
5.142215462963082473e+01
5.145108445444051171e+01
5.147942762687563345e+01
5.150716266725804360e+01
5.153427550896719822e+01
5.156074633903816107e+01
5.158655812967074183e+01
5.161169655263725531e+01
5.163614981544360205e+01
5.165990851772334480e+01
5.168296552121180554e+01
5.170531582926383152e+01
5.172695646943113701e+01
5.174788637967147054e+01
5.176810629776376516e+01
5.178761865117466101e+01
5.180642744789834353e+01
5.182453816830694393e+01
5.184195765821893787e+01
5.185869402349015900e+01
5.187475652647935931e+01
5.189015548475204298e+01
5.190490077681999992e+01
5.191900514044424853e+01
5.193248148414868837e+01
5.194534341979176872e+01
5.195760515686880154e+01
5.196928142080140844e+01
5.198038737478874793e+01
5.199093854532205228e+01
5.200087982897459682e+01
5.201021362277906945e+01
5.201896365177692871e+01
5.202715333570648681e+01
5.203480574963088401e+01
5.204194358824878464e+01
5.204859907989086309e+01
5.205477959384418796e+01
5.206050731531639286e+01
5.206580408625004708e+01
5.207069099867319295e+01
5.207518843416282550e+01
5.207931610071172912e+01
5.208309305874981732e+01
5.208653773955995092e+01
