1.000000000000000000e+00
1.000000000000000000e+00
1.000000000000000000e+00
1.000000000000000000e+00
1.000000000000000000e+00
1.000000000000000000e+00
1.000000000000000000e+00
1.000000000000000000e+00
1.000000000000000000e+00
1.000000000000000000e+00
1.000000000000000000e+00
1.000000000000000000e+00
1.000000000000000000e+00
1.000000000000000000e+00
1.000000000000000000e+00
1.000000000000000000e+00
1.000000000000000000e+00
1.000000000000000000e+00
1.000000000000000000e+00
1.000000000000000000e+00
1.000000000000000000e+00
1.000000000000000000e+00
1.000000000000000000e+00
1.000000000000000000e+00
1.000000000000000000e+00
1.000000000000000000e+00
1.000000000000000000e+00
1.000000000000000000e+00
1.000000000000000000e+00
1.000000000000000000e+00
1.000000000000000000e+00
1.000000000000000000e+00
1.000000000000000000e+00
1.000000000000000000e+00
1.000000000000000000e+00
1.000000000000000000e+00
1.000000000000000000e+00
1.000000000000000000e+00
1.000000000000000000e+00
1.000009041332763582e+00
1.000081551383052769e+00
1.000169212743845959e+00
1.000272644515226572e+00
1.000392082113292336e+00
1.000527254514926634e+00
1.000677250404639507e+00
1.000840390811573943e+00
1.001014130415047720e+00
1.001195016928126069e+00
1.001378740873551054e+00
1.001560303126435070e+00
1.001734312031086205e+00
1.001919938914404895e+00
1.002105799147359422e+00
1.002286845133933513e+00
1.002462642138888471e+00
1.002633670980470626e+00
1.002799091684486221e+00
1.002955922344887396e+00
1.003099877510878812e+00
1.003226829192060965e+00
1.003333903221320211e+00
1.003420236851260139e+00
1.003486888221356121e+00
1.003536292060698942e+00
1.003571494881172921e+00
1.003595563588166373e+00
1.003611202606836006e+00
1.003620566108134771e+00
1.003625214271363308e+00
1.003626160163516357e+00
1.003623964615997899e+00
1.003618849192937423e+00
1.003610808009935518e+00
1.003599706409204817e+00
1.003585347234224434e+00
1.003567565465878220e+00
1.003546257707420342e+00
1.003520291913193807e+00
1.003488029528989633e+00
1.003445362934460849e+00
1.003387752942084488e+00
1.003310812822640008e+00
1.003211705226337180e+00
1.003088691026141177e+00
1.002942665069870509e+00
1.002773816289178610e+00
1.002584037220340507e+00
1.002375118712171886e+00
1.002148784035904905e+00
1.001906738729015034e+00
1.001650730774299669e+00
1.001382616973378159e+00
1.001104432691076518e+00
1.000818463312226347e+00
1.000527316559907121e+00
1.000233995131564413e+00
1.000233995131564413e+00
1.000233995131564413e+00
1.000233995131564413e+00
1.000233995131564413e+00
1.000233995131564413e+00
1.000233995131564413e+00
1.000233995131564413e+00
1.000233995131564413e+00
1.000233995131564413e+00
1.000233995131564413e+00
1.000233995131564413e+00
1.000233995131564413e+00
1.000233995131564413e+00
1.000233995131564413e+00
1.000233995131564413e+00
1.000233995131564413e+00
1.000233995131564413e+00
1.000233995131564413e+00
1.000233995131564413e+00
1.000233995131564413e+00
1.000233995131564413e+00
1.000233995131564413e+00
1.000233995131564413e+00
1.000233995131564413e+00
1.000233995131564413e+00
1.000233995131564413e+00
1.000233995131564413e+00
1.000233995131564413e+00
1.000233995131564413e+00
1.000233995131564413e+00
1.000233995131564413e+00
1.000233995131564413e+00
1.000233995131564413e+00
1.000233995131564413e+00
1.000233995131564413e+00
1.000233995131564413e+00
1.000233995131564413e+00
1.000233995131564413e+00
1.000233995131564413e+00
1.000233995131564413e+00
1.000233995131564413e+00
1.000233995131564413e+00
1.000233995131564413e+00
1.000233995131564413e+00
1.000233995131564413e+00
1.000210871054447059e+00
1.000176557007902423e+00
1.000132222081274724e+00
1.000078759771038772e+00
1.000015188211580419e+00
1.000000000000000000e+00
1.000000000000000000e+00
1.000000000000000000e+00
1.000000000000000000e+00
1.000000000000000000e+00
1.000000000000000000e+00
1.000000000000000000e+00
1.000000000000000000e+00
1.000000000000000000e+00
1.000000000000000000e+00
1.000000000000000000e+00
1.000000000000000000e+00
1.000000000000000000e+00
1.000000000000000000e+00
1.000000000000000000e+00
1.000000000000000000e+00
1.000000000000000000e+00
1.000000000000000000e+00
1.000000000000000000e+00
1.000000000000000000e+00
1.000000000000000000e+00
1.000000000000000000e+00
1.000000000000000000e+00
1.000000000000000000e+00
1.000000000000000000e+00
1.000000000000000000e+00
1.000000000000000000e+00
1.000000000000000000e+00
1.000000000000000000e+00
1.000000000000000000e+00
1.000000000000000000e+00
1.000000000000000000e+00
1.000000000000000000e+00
1.000021553696523124e+00
1.000047877665689144e+00
1.000079317568858706e+00
1.000116232088840373e+00
1.000158995720080490e+00
1.000208002625708303e+00
1.000263671516131714e+00
1.000326451345139089e+00
1.000396827448522208e+00
1.000475327676702220e+00
1.000562528087996617e+00
1.000659057839777377e+00
1.000765603000170367e+00
1.000882909069345628e+00
1.001011782026766994e+00
1.001153087702330247e+00
1.001307749207558828e+00
1.001307749207558828e+00
1.001307749207558828e+00
1.001307749207558828e+00
1.001307749207558828e+00
1.001307749207558828e+00
1.001307749207558828e+00
1.001307749207558828e+00
1.001307749207558828e+00
1.001307749207558828e+00
1.001307749207558828e+00
1.001307749207558828e+00
1.001307749207558828e+00
1.001307749207558828e+00
1.001307749207558828e+00
1.001307749207558828e+00
1.001307749207558828e+00
1.001307749207558828e+00
1.001307749207558828e+00
1.001307749207558828e+00
1.001307749207558828e+00
1.001307749207558828e+00
1.001307749207558828e+00
1.001307749207558828e+00
1.001307749207558828e+00
1.001307749207558828e+00
1.001307749207558828e+00
1.001307749207558828e+00
1.001307749207558828e+00
1.001307749207558828e+00
1.001307749207558828e+00
1.001307749207558828e+00
1.001307749207558828e+00
1.001307749207558828e+00
1.001307749207558828e+00
1.001307749207558828e+00
1.001307749207558828e+00
1.001307749207558828e+00
1.001307749207558828e+00
1.001307749207558828e+00
1.001307749207558828e+00
1.001307749207558828e+00
1.001307749207558828e+00
1.001307749207558828e+00
1.001307749207558828e+00
1.001307749207558828e+00
1.001389248224509476e+00
1.001456618224489725e+00
1.001510430834843257e+00
1.001552207377514048e+00
1.001583869938551086e+00
1.001607877346849751e+00
1.001626961899613422e+00
1.001643823831818825e+00
1.001660878059260185e+00
1.001680083652310316e+00
1.001702858020480535e+00
1.001730063517113800e+00
1.001762047620287754e+00
1.001798716702825498e+00
1.001839625983553361e+00
1.001884072703585371e+00
1.001931184170037792e+00
1.001979995936488566e+00
1.002029517719924101e+00
1.002078785966859842e+00
1.002126902782133566e+00
1.002172984841444237e+00
1.002216422823251296e+00
1.002256624146932618e+00
1.002293098871855026e+00
1.002325450544567342e+00
1.002353425899760619e+00
1.002376703493355947e+00
1.002395101031846592e+00
1.002408491661006540e+00
1.002416797980123953e+00
1.002419988564926090e+00
1.002418077366599825e+00
1.002411125177138373e+00
1.002399242313837924e+00
1.002382012676199530e+00
1.002358360202030951e+00
1.002324782998610608e+00
1.002276089500967915e+00
1.002207298611519359e+00
1.002114825488920280e+00
1.001998014330008235e+00
1.001856020822904814e+00
1.001690435061342921e+00
1.001502690423242692e+00
1.001293248214134346e+00
1.001063852790623043e+00
1.000816266710693681e+00
1.000552318177919897e+00
1.000273957893859533e+00
1.000000000000000000e+00
1.000000000000000000e+00
1.000000000000000000e+00
1.000000000000000000e+00
1.000000000000000000e+00
1.000000000000000000e+00
1.000000000000000000e+00
1.000000000000000000e+00
