1.000000000000000000e+00
1.000000000000000000e+00
1.000000000000000000e+00
1.000000000000000000e+00
1.000000000000000000e+00
1.000000000000000000e+00
1.000000000000000000e+00
1.000000000000000000e+00
1.000000000000000000e+00
1.000000000000000000e+00
1.000000000000000000e+00
1.000000000000000000e+00
1.000000000000000000e+00
1.000000000000000000e+00
1.000000000000000000e+00
1.000000000000000000e+00
1.000000000000000000e+00
1.000000000000000000e+00
1.000000000000000000e+00
1.000000000000000000e+00
1.000000000000000000e+00
1.000000000000000000e+00
1.000000000000000000e+00
1.000000000000000000e+00
1.000000000000000000e+00
1.000000000000000000e+00
1.000000000000000000e+00
1.000000000000000000e+00
1.000000000000000000e+00
1.000000000000000000e+00
1.000000000000000000e+00
1.000000000000000000e+00
1.000000000000000000e+00
1.000000000000000000e+00
1.000000000000000000e+00
1.000000000000000000e+00
1.000000000000000000e+00
1.000000000000000000e+00
1.000000000000000000e+00
1.000000000000000000e+00
1.000000000000000000e+00
1.000000000000000000e+00
1.000000000000000000e+00
1.000000000000000000e+00
1.000000000000000000e+00
1.000000000000000000e+00
1.000000000000000000e+00
1.000000000000000000e+00
1.000000000000000000e+00
1.000000000000000000e+00
1.000028390940516321e+00
1.000134255899937763e+00
1.000276586431814607e+00
1.000446722850331982e+00
1.000646816636775904e+00
1.000888571273704120e+00
1.001190336270262105e+00
1.000000000000000000e+00
1.000000000000000000e+00
1.000000000000000000e+00
1.000000000000000000e+00
1.000000000000000000e+00
1.000000000000000000e+00
1.000000000000000000e+00
1.000000000000000000e+00
1.000000000000000000e+00
1.000000000000000000e+00
1.000000000000000000e+00
1.000000000000000000e+00
1.000000000000000000e+00
1.000000000000000000e+00
1.000000000000000000e+00
1.000000000000000000e+00
1.000176211667250570e+00
1.000256452617529712e+00
1.000258711948149415e+00
1.000200228689024140e+00
1.000095862670643987e+00
1.000000000000000000e+00
1.000000000000000000e+00
1.000000000000000000e+00
1.000000000000000000e+00
1.000000000000000000e+00
1.000000000000000000e+00
1.000000000000000000e+00
1.000000000000000000e+00
1.000000000000000000e+00
1.000000000000000000e+00
1.000000000000000000e+00
1.000000000000000000e+00
1.000000000000000000e+00
1.000000000000000000e+00
1.000000000000000000e+00
1.000000000000000000e+00
1.000000000000000000e+00
1.000000000000000000e+00
1.000000000000000000e+00
1.000000000000000000e+00
1.000000000000000000e+00
1.000030531670013323e+00
1.000072687752720624e+00
1.000121381232415674e+00
1.000176504209468797e+00
1.000237885444817509e+00
1.000305248105959333e+00
1.000378178616452285e+00
1.000456095566283343e+00
1.000538305224956126e+00
1.000623966120136155e+00
1.000712136546516584e+00
1.000801813719271127e+00
1.000891977175068392e+00
1.000981632717840686e+00
1.001069853105170049e+00
1.001155812389313837e+00
1.001238811858300659e+00
1.001318296635586691e+00
1.001393863015700880e+00
1.001465257418290733e+00
1.001532368377029858e+00
1.001595213243483995e+00
1.001653921320911467e+00
1.001708714989962612e+00
1.001759890143363085e+00
1.001807797169698366e+00
1.001852823187755703e+00
1.001895376022524653e+00
1.001935870229949233e+00
1.001974715297650587e+00
1.002012306010437115e+00
1.002049014869557775e+00
1.002085186388698812e+00
1.002121133052403357e+00
1.002157132708293874e+00
1.002193427167690221e+00
1.002230221804697452e+00
1.002267559476788916e+00
1.002305703331924036e+00
1.002344747772512257e+00
1.002384761117864898e+00
1.002425783939646431e+00
1.002467830943477578e+00
1.002510893375975209e+00
1.002554941666030874e+00
1.002599928225717418e+00
1.002645790350783939e+00
1.002692453161999619e+00
1.002739832517625329e+00
1.002787837843980290e+00
1.002836374835046840e+00
1.002885347973385688e+00
1.002934662830705870e+00
1.002984228113543264e+00
1.003033957427634792e+00
1.003083770743434355e+00
1.003133595554416280e+00
1.003183367728894382e+00
1.003233032064617225e+00
1.003282542563004753e+00
1.003331862446278366e+00
1.003380963945731175e+00
1.003429827892880599e+00
1.003478443147289623e+00
1.003526805895483820e+00
1.003574918854838183e+00
1.003622790414688382e+00
1.003670433744516366e+00
1.003717865895935146e+00
1.003765106921796102e+00
1.003812179032810725e+00
1.003859105807414887e+00
1.003905911467301904e+00
1.003952620227797077e+00
1.003999255729123519e+00
1.004045840551796909e+00
1.004092395816913230e+00
1.004138940869975238e+00
1.004185493045116173e+00
1.004232067505128168e+00
1.004278677151565491e+00
1.004325332598326570e+00
1.004372042201527648e+00
1.004418812138114125e+00
1.004465646525495082e+00
1.004512547574515358e+00
1.004559515768258304e+00
1.004606550059493841e+00
1.004653648080018113e+00
1.004700806355659726e+00
1.004748020521336382e+00
1.004795285531164373e+00
1.004842595859326115e+00
1.004889945688146158e+00
1.004937329080503261e+00
1.004984740134409194e+00
1.005032173118241667e+00
1.005079622585757004e+00
1.005127083470576332e+00
1.005174551160361140e+00
1.005222021551351874e+00
1.005269491084322731e+00
1.005316956763326885e+00
1.005364416158853080e+00
1.005411867397189241e+00
1.005459309137906931e+00
1.005506740541430633e+00
1.005554161228659815e+00
1.005601571234561176e+00
1.005648970957561561e+00
1.005696361106449777e+00
1.005743742646350913e+00
1.005791116745161418e+00
1.005838484721661930e+00
1.005885847996332183e+00
1.005933208045702409e+00
1.005980566360896278e+00
1.006027924410834329e+00
1.006075283610401661e+00
1.006122645293733964e+00
1.006170010692628791e+00
1.006217380919976367e+00
1.006264756957988116e+00
1.006312139650925364e+00
1.006359529701953859e+00
1.006406927673700435e+00
1.006454333992052641e+00
1.006501748952719932e+00
1.006549172730069941e+00
1.006596605387756860e+00
1.006644046890676103e+00
1.006691497117802925e+00
1.006738955875508212e+00
1.006786422910977752e+00
1.006833897925409227e+00
1.006881380586699626e+00
1.006928870541389021e+00
1.006976367425664876e+00
1.007023870875283444e+00
1.007071380534304339e+00
1.007118896062574098e+00
1.007166417141933445e+00
1.007213943481156226e+00
1.007261474819654890e+00
1.007309010930015791e+00
1.007356551619442264e+00
1.007404096730207588e+00
1.007451646139222001e+00
1.007499199756833219e+00
1.007546757524980574e+00
1.007594319414824913e+00
1.007641885423971928e+00
1.007689455573405501e+00
1.007737029904235859e+00
1.007784608474364463e+00
1.007832191355152007e+00
1.007879778628170131e+00
1.007927370382100785e+00
1.007974966709840769e+00
1.008022567705854078e+00
1.008070173463805341e+00
1.008117784074495482e+00
1.008165399624112668e+00
1.008213020192801901e+00
1.008260645853547022e+00
1.008308276671357362e+00
1.008355912702737500e+00
1.008403553995421253e+00
1.008451200588343255e+00
1.008498852511821475e+00
1.008546509787918488e+00
1.008594172430954172e+00
1.008641840448138538e+00
1.008689513840294927e+00
1.008737192602644717e+00
1.008784876725630886e+00
1.008832566195752900e+00
1.008880260996394496e+00
1.008927961108623039e+00
1.008975666511947811e+00
1.009023377185022774e+00
1.009071093106283623e+00
1.009118814254513108e+00
1.009166540609330198e+00
1.009214272151597758e+00
1.009262008863754279e+00
1.009309750730064570e+00
1.009357497736799836e+00
1.009405249872345811e+00
1.009453007127248281e+00
1.009500769494202421e+00
1.009548536967990184e+00
1.009596309545377490e+00
1.009644087224975895e+00
1.009691870007075831e+00
1.009739657893461429e+00
1.009787450887210891e+00
1.009835248992490442e+00
1.009883052214346266e+00
1.009930860558500898e+00
1.009978674031158041e+00
