6.000000000000000000e+01
6.000000000000000000e+01
6.000000000000000000e+01
6.000000000000000000e+01
6.000000000000000000e+01
6.000000000000000000e+01
6.000000000000000000e+01
6.000000000000000000e+01
6.000000000000000000e+01
6.000000000000000000e+01
6.000000000000000000e+01
6.000000000000000000e+01
6.000000000000000000e+01
6.000000000000000000e+01
6.000000000000000000e+01
6.000000000000000000e+01
6.000000000000000000e+01
6.000000000000000000e+01
6.000000000000000000e+01
6.000000000000000000e+01
6.000000000000000000e+01
6.000000000000000000e+01
6.000000000000000000e+01
6.000000000000000000e+01
6.000000000000000000e+01
6.000000000000000000e+01
6.000000000000000000e+01
6.000000000000000000e+01
6.000000000000000000e+01
6.000000000000000000e+01
6.000000000000000000e+01
6.000000000000000000e+01
6.000000000000000000e+01
6.000000000000000000e+01
6.000000000000000000e+01
6.000000000000000000e+01
6.000000000000000000e+01
6.000000000000000000e+01
6.000000000000000000e+01
6.000000000000000000e+01
6.000000000000000000e+01
6.000000000000000000e+01
6.000000000000000000e+01
6.000000000000000000e+01
6.000000000000000000e+01
6.000000000000000000e+01
6.000000000000000000e+01
6.000000000000000000e+01
6.000000000000000000e+01
6.000000000000000000e+01
6.000000000000000000e+01
6.000000000000000000e+01
6.000000000000000000e+01
6.000000000000000000e+01
6.000000000000000000e+01
6.000000000000000000e+01
6.000000000000000000e+01
6.000000000000000000e+01
6.000000000000000000e+01
6.000000000000000000e+01
6.000000000000000000e+01
6.000000000000000000e+01
6.000000000000000000e+01
6.000000000000000000e+01
6.000000000000000000e+01
6.000000000000000000e+01
6.000000000000000000e+01
6.000000000000000000e+01
6.000000000000000000e+01
6.000000000000000000e+01
6.000000000000000000e+01
6.000000000000000000e+01
6.000000000000000000e+01
6.000000000000000000e+01
6.000000000000000000e+01
6.000000000000000000e+01
6.000000000000000000e+01
6.000000000000000000e+01
6.000000000000000000e+01
6.000000000000000000e+01
6.000000000000000000e+01
6.000000000000000000e+01
6.000000000000000000e+01
6.000000000000000000e+01
6.000000000000000000e+01
6.000000000000000000e+01
6.000000000000000000e+01
6.000000000000000000e+01
6.000000000000000000e+01
6.000000000000000000e+01
6.000000000000000000e+01
6.042867382219672834e+01
6.234206971979709522e+01
6.432492720166331424e+01
6.633206533897674717e+01
6.836005894286967077e+01
7.040544133514283942e+01
7.246472458105439785e+01
7.453441980294006441e+01
7.661105724220395530e+01
