5.818899944235379706e+01
5.095053297607127263e+01
5.043289851679958247e+01
5.192479303943392921e+01
5.264583366179685697e+01
5.300511369726445565e+01
5.314803982516266245e+01
5.315305317171818444e+01
5.307550516293679976e+01
5.295274816888729674e+01
5.280873721216052985e+01
5.265864316175466797e+01
5.251211746844440142e+01
5.235350671722491001e+01
5.217459910554595837e+01
5.198766968557286106e+01
5.180187893804968979e+01
5.162054074305486751e+01
5.144013997745219058e+01
5.126526351499188650e+01
5.110558949328579814e+01
5.097679294695059582e+01
5.088940302922569003e+01
5.084111715581759228e+01
5.082490241213277216e+01
5.081772062354134079e+01
5.081559862889581325e+01
5.081723224424880669e+01
5.082162740644727705e+01
5.082804940368955471e+01
5.083596638930628586e+01
5.084500461313550801e+01
5.085489293196570060e+01
5.086544104134880229e+01
5.087651571715421284e+01
5.088802331081575403e+01
5.089989711179474341e+01
5.091208832836191078e+01
5.092455972752514981e+01
5.093728121170564549e+01
5.095022680052385766e+01
5.096337296088988467e+01
5.097670246742972466e+01
5.099018994225118462e+01
5.100381045455826268e+01
5.101753910895599375e+01
5.103135084244205188e+01
5.104522039678175815e+01
5.105912287414469830e+01
5.107303849703202303e+01
5.108693972448291731e+01
5.110080019025781439e+01
5.111459465512748324e+01
5.112829962473510648e+01
5.114189744950998318e+01
5.115536385255494878e+01
5.116867654538805965e+01
5.118181587382805731e+01
5.119476827511493155e+01
5.120751416765607189e+01
5.122003622492487551e+01
5.123231919111852761e+01
5.124434963817429889e+01
5.125611579216792535e+01
5.126760740452795062e+01
5.127881565092705785e+01
5.128973304694390833e+01
5.130035337366282988e+01
5.131067160901837099e+01
5.132068386239208735e+01
5.133038731105347807e+01
5.133978013771955773e+01
5.134886146892827696e+01
5.135763131417234462e+01
5.136609050951840061e+01
5.137424044975058735e+01
5.138208438106389053e+01
5.138962485491812515e+01
5.139686512466433044e+01
5.140380909131384612e+01
5.141046121965145943e+01
5.141682646617174157e+01
5.142291021575289278e+01
5.142871745135319372e+01
5.143425437124550115e+01
5.143950962664229110e+01
5.144445044218279151e+01
5.144908876050410385e+01
5.145343636880752314e+01
5.145750714594653630e+01
5.146130753129945390e+01
5.146484950126826163e+01
5.146814479222631178e+01
5.147120468798690496e+01
5.147404580913885042e+01
5.147666928087299709e+01
5.147908612813488105e+01
5.148130733772061518e+01
5.148335475116064686e+01
5.148522296773794693e+01
