1.000000000000000000e+00
1.000000000000000000e+00
1.000000000000000000e+00
1.000000000000000000e+00
1.000000000000000000e+00
1.000000000000000000e+00
1.000000000000000000e+00
1.000000000000000000e+00
1.000000000000000000e+00
1.000000000000000000e+00
1.000000000000000000e+00
1.000000000000000000e+00
1.000000000000000000e+00
1.000000000000000000e+00
1.000000000000000000e+00
1.000000000000000000e+00
1.000000000000000000e+00
1.000000000000000000e+00
1.000000000000000000e+00
1.000000000000000000e+00
1.000000000000000000e+00
1.000000000000000000e+00
1.000000000000000000e+00
1.000000000000000000e+00
1.000000000000000000e+00
1.000000000000000000e+00
1.000000000000000000e+00
1.000000000000000000e+00
1.000000000000000000e+00
1.000000000000000000e+00
1.000000000000000000e+00
1.000000000000000000e+00
1.000000000000000000e+00
1.000000000000000000e+00
1.000000000000000000e+00
1.000000000000000000e+00
1.000000000000000000e+00
1.000000000000000000e+00
1.000000000000000000e+00
1.000000000000000000e+00
1.000000000000000000e+00
1.000000000000000000e+00
1.000000000000000000e+00
1.000000000000000000e+00
1.000000000000000000e+00
1.000000000000000000e+00
1.000000000000000000e+00
1.000000000000000000e+00
1.000000000000000000e+00
1.000000000000000000e+00
1.000000000000000000e+00
1.000000000000000000e+00
1.000000000000000000e+00
1.000000000000000000e+00
1.000000000000000000e+00
1.000000000000000000e+00
1.000000000000000000e+00
1.000000000000000000e+00
1.000000000000000000e+00
1.000003127168147099e+00
1.000033665509066472e+00
1.000065651557261015e+00
1.000098157917945318e+00
1.000130139170439136e+00
1.000160537619322110e+00
1.000188399422850649e+00
1.000212960019534858e+00
1.000233743179779644e+00
1.000250421790789268e+00
1.000262951343644069e+00
1.000271485331351240e+00
1.000276330706411532e+00
1.000277901728814367e+00
1.000276677204216424e+00
1.000273163800769805e+00
1.000267866473227407e+00
1.000261265978276359e+00
1.000253802888936727e+00
1.000245867253756193e+00
1.000237792965034789e+00
1.000229855915846011e+00
1.000222275089896806e+00
1.000215215816473879e+00
1.000208794522114752e+00
1.000203084413887833e+00
1.000198121631029613e+00
1.000193911498052035e+00
1.000190434600167322e+00
1.000187652478917499e+00
1.000185512811328392e+00
1.000183953989783658e+00
1.000182909062909076e+00
1.000182262254462717e+00
1.000181993270276237e+00
1.000182036038382183e+00
1.000182329011221949e+00
1.000182815965242611e+00
1.000183446652650687e+00
1.000184177107291239e+00
1.000185025246287163e+00
1.000185923137949962e+00
1.000186832408838322e+00
1.000187729689158811e+00
1.000188597637361676e+00
1.000189423256631960e+00
1.000190197164295913e+00
1.000190913001143933e+00
1.000191566880218375e+00
1.000192156875528759e+00
1.000192682561671598e+00
1.000193144612109064e+00
1.000193544459171191e+00
1.000193884014877632e+00
1.000194165448796024e+00
1.000194391017286133e+00
1.000194562937474885e+00
1.000194683298956777e+00
1.000194754006360265e+00
1.000194776746388570e+00
1.000194752973627921e+00
1.000194683910190729e+00
1.000194570555072549e+00
1.000194413699883045e+00
1.000194213948327748e+00
1.000193971737453058e+00
1.000193687359207662e+00
1.000193360981319168e+00
1.000192992666844916e+00
1.000192582392025686e+00
1.000192130062286466e+00
1.000191635526366252e+00
1.000191098588664618e+00
1.000190519019950708e+00
1.000189896566616277e+00
1.000189230958666853e+00
1.000188521916637097e+00
1.000187769157616424e+00
1.000186972400540997e+00
1.000186131370893960e+00
1.000185203738306328e+00
1.000184262162051141e+00
1.000183243294397117e+00
1.000182178237378761e+00
1.000181067637341270e+00
1.000179911943673616e+00
1.000178711532662801e+00
1.000177466686034800e+00
1.000176177606289851e+00
1.000174844440269384e+00
1.000173467354137369e+00
1.000172046513464030e+00
1.000170548815959348e+00
1.000168898540588991e+00
1.000167020830387221e+00
1.000164657030655935e+00
1.000161363089287825e+00
1.000156562355917655e+00
1.000149523674082719e+00
1.000139463154561037e+00
1.000125774693692682e+00
1.000108135297731238e+00
1.000086259289177493e+00
1.000059973123049284e+00
1.000028749546719053e+00
1.000000000000000000e+00
1.000000000000000000e+00
1.000000000000000000e+00
1.000000000000000000e+00
1.000000000000000000e+00
1.000000000000000000e+00
1.000000000000000000e+00
1.000000000000000000e+00
1.000000000000000000e+00
1.000000000000000000e+00
1.000000000000000000e+00
1.000000000000000000e+00
1.000000000000000000e+00
1.000000000000000000e+00
1.000000000000000000e+00
1.000000000000000000e+00
1.000000000000000000e+00
1.000000000000000000e+00
1.000000000000000000e+00
1.000000000000000000e+00
1.000000000000000000e+00
1.000000000000000000e+00
1.000000000000000000e+00
1.000000000000000000e+00
1.000000000000000000e+00
1.000000000000000000e+00
1.000000000000000000e+00
1.000000000000000000e+00
1.000000000000000000e+00
1.000000000000000000e+00
1.000000000000000000e+00
1.000000000000000000e+00
1.000000000000000000e+00
1.000000000000000000e+00
1.000000000000000000e+00
1.000000000000000000e+00
1.000000000000000000e+00
1.000000000000000000e+00
1.000000000000000000e+00
1.000000000000000000e+00
1.000000000000000000e+00
1.000000000000000000e+00
1.000000000000000000e+00
1.000000000000000000e+00
1.000000000000000000e+00
1.000000000000000000e+00
1.000000000000000000e+00
1.000000000000000000e+00
1.000000000000000000e+00
1.000000000000000000e+00
1.000000000000000000e+00
1.000000000000000000e+00
1.000000000000000000e+00
1.000000000000000000e+00
1.000000000000000000e+00
1.000000000000000000e+00
1.000000000000000000e+00
1.000000000000000000e+00
1.000000000000000000e+00
1.000000000000000000e+00
1.000000000000000000e+00
1.000000000000000000e+00
1.000000000000000000e+00
1.000000000000000000e+00
1.000000000000000000e+00
1.000000000000000000e+00
1.000000000000000000e+00
1.000000000000000000e+00
1.000000000000000000e+00
1.000000000000000000e+00
1.000000000000000000e+00
1.000000000000000000e+00
1.000000000000000000e+00
1.000000000000000000e+00
1.000000000000000000e+00
1.000000000000000000e+00
1.000000000000000000e+00
1.000000000000000000e+00
1.000000000000000000e+00
1.000000000000000000e+00
1.000000000000000000e+00
1.000000000000000000e+00
1.000000000000000000e+00
1.000000000000000000e+00
1.000000000000000000e+00
1.000000000000000000e+00
