4.500000000000000000e+01
4.050000000000000000e+01
3.645000000000000284e+01
3.280500000000000682e+01
2.952450000000000685e+01
2.657205000000000794e+01
2.391484500000000679e+01
2.152336050000000611e+01
1.937102445000000728e+01
1.743392200500000655e+01
1.569052980450000589e+01
1.412147682405000637e+01
1.270932914164500538e+01
1.143839622748050466e+01
1.029455660473245437e+01
9.265100944259209825e+00
8.338590849833289909e+00
7.504731764849960740e+00
6.754258588364964844e+00
6.078832729528468093e+00
5.470949456575621817e+00
4.923854510918059368e+00
4.431469059826253165e+00
3.988322153843627760e+00
3.589489938459264895e+00
3.230540944613338628e+00
2.907486850152004809e+00
2.616738165136804461e+00
2.355064348623124193e+00
2.119557913760811818e+00
1.907602122384730592e+00
1.716841910146257533e+00
1.545157719131631913e+00
1.390641947218468788e+00
1.251577752496621843e+00
1.126419977246959636e+00
1.013777979522263673e+00
9.124001815700373275e-01
8.211601634130336613e-01
7.390441470717302730e-01
6.651397323645572568e-01
5.986257591281015644e-01
5.387631832152913747e-01
4.848868648937622594e-01
4.363981784043860501e-01
3.927583605639474729e-01
3.534825245075527422e-01
3.181342720567974514e-01
2.863208448511176951e-01
2.576887603660059090e-01
2.319198843294053292e-01
2.087278958964647879e-01
1.878551063068183147e-01
1.690695956761364971e-01
1.521626361085228474e-01
1.369463724976705543e-01
1.232517352479035044e-01
1.109265617231131595e-01
9.983390555080184914e-02
8.985051499572166422e-02
8.086546349614949503e-02
7.277891714653454691e-02
6.550102543188109083e-02
5.895092288869298314e-02
5.305583059982368899e-02
4.775024753984132009e-02
4.297522278585719224e-02
3.867770050727147718e-02
3.480993045654433293e-02
3.132893741088989964e-02
2.819604366980090968e-02
2.537643930282081767e-02
2.283879537253873798e-02
2.055491583528486557e-02
1.849942425175638006e-02
1.664948182658074205e-02
1.498453364392266819e-02
1.348608027953040155e-02
1.213747225157736122e-02
1.092372502641962562e-02
9.831352523777663402e-03
8.848217271399897582e-03
7.963395544259907824e-03
7.167055989833917388e-03
6.450350390850526083e-03
5.805315351765473648e-03
5.224783816588926023e-03
4.702305434930033334e-03
4.232074891437029827e-03
3.808867402293326758e-03
3.427980662063994082e-03
3.085182595857594717e-03
2.776664336271835332e-03
2.498997902644651929e-03
2.249098112380186910e-03
2.024188301142168175e-03
1.821769471027951445e-03
1.639592523925156344e-03
1.475633271532640839e-03
1.328069944379376864e-03
