6.201168718888013842e+01
4.973848581915822109e+01
3.522313883636961407e+01
2.572918015576905404e+01
2.115486020395686495e+01
1.857998720493862876e+01
1.707957755604846284e+01
1.636829512344807824e+01
1.637922494746135982e+01
1.715883855142408265e+01
1.887980754866722322e+01
2.146646851380464582e+01
2.401957487619271348e+01
2.650011020227225345e+01
2.887852420799503150e+01
3.113377312917800666e+01
3.325200630519974965e+01
3.522520388408067760e+01
3.704993087495758175e+01
3.872627748361907152e+01
4.025699857661961545e+01
4.164683515089021171e+01
4.290198812402866935e+01
4.402971241135053049e+01
4.503800224979598710e+01
4.593534397574443062e+01
4.673051813907301266e+01
4.743243796825557013e+01
4.805001536927066041e+01
4.859204874943558394e+01
4.906712910920500548e+01
4.948356219728770355e+01
4.984930528879177558e+01
5.017191750043949838e+01
5.045852265491102173e+01
5.071578366708593677e+01
5.094988733169964945e+01
5.116292797236301482e+01
5.135343902922785730e+01
5.152122713637243834e+01
5.167145984079143517e+01
5.180985445194867367e+01
5.194156810517618794e+01
5.207122163245601598e+01
5.220292772973758844e+01
5.234032183775277502e+01
5.248659444200193747e+01
5.264452375260098194e+01
5.281650795370391194e+01
5.300459641288085777e+01
5.321051941268152063e+01
5.343571611064063376e+01
5.368136079495119617e+01
5.394838640274426922e+01
5.423750663530525173e+01
5.454923598747070201e+01
5.488390782109782862e+01
5.524169066621915647e+01
5.562260289030448490e+01
5.602652588654387955e+01
5.645321593639489066e+01
5.690231490107257883e+01
5.737335989219585741e+01
5.786579206453858859e+01
5.837896466451218913e+01
5.891215045724457866e+01
5.946454864345388103e+01
6.003529136514370634e+01
6.062344988679035396e+01
6.122804052640822192e+01
6.184803039886904230e+01
6.248234302227809422e+01
6.312986382720412593e+01
6.378944559822657112e+01
6.445834376205870342e+01
6.513159103057775212e+01
6.580805456354146088e+01
6.648660833041695639e+01
6.716613775122156937e+01
6.784554418845989687e+01
6.852374926705076064e+01
6.919969899894884691e+01
6.987236768964393718e+01
7.054076160479272062e+01
7.120392237683334713e+01
7.186093013347972658e+01
7.251090633241156524e+01
7.315301628919088728e+01
7.378647138836758756e+01
7.441053097080936141e+01
7.502450389343238157e+01
7.562774976065036014e+01
7.621967982993882629e+01
7.679975759687152959e+01
7.736749906777970409e+01
7.792247273076978331e+01
7.846429923817780150e+01
7.899265081561449620e+01
7.950725041454388986e+01
8.000787062683066608e+01
