1.046806528833738925e+00
1.099999476673629184e+00
1.120315129228911299e+00
1.125748963230563726e+00
1.123158025121988368e+00
1.115600849268239880e+00
1.105134196540165314e+00
1.093252516517950079e+00
1.080835882825155192e+00
1.068664552616597652e+00
1.056487844448389168e+00
1.043259797176837589e+00
1.030369917698170878e+00
1.018578149964251223e+00
1.008216865319776279e+00
9.994193328020987144e-01
9.921313859191169815e-01
9.861739423346992384e-01
9.813044172714595614e-01
9.772711278937342705e-01
9.738693630743500140e-01
9.709992370566843389e-01
9.687412468316707326e-01
9.673555762052203910e-01
9.667275562017946244e-01
9.663188836339450249e-01
9.657795106799526019e-01
9.650956624575003362e-01
9.642669071458621621e-01
9.633014902179727335e-01
9.622131561073293815e-01
9.610189128425375982e-01
9.597374210582244602e-01
9.583878207077093370e-01
9.569888813961939800e-01
9.555426004061439160e-01
9.540649011492989828e-01
9.525727160748953537e-01
9.510772500534931950e-01
9.495809637436694040e-01
9.480976538279092258e-01
9.466338292164692136e-01
9.451905750497534564e-01
9.437785778289811134e-01
9.424036139478129126e-01
9.410624388360059323e-01
9.397631163013699940e-01
9.385119982486317403e-01
9.373139030037683783e-01
9.361722976692733456e-01
9.350894765762380878e-01
9.340667304483885047e-01
9.331045029238906885e-01
9.322025326186418326e-01
9.313599800465970358e-01
9.305755395127349727e-01
9.298475366316230062e-01
9.291740124596766792e-01
9.285527954132919426e-01
9.279815622199879543e-01
9.274578891489139165e-01
9.269802295540784387e-01
9.265457195217793318e-01
9.261515486151876697e-01
9.257950464424736792e-01
9.254758342371072199e-01
9.251909343643319739e-01
9.249372492779656119e-01
9.247119688968690188e-01
9.245126034394479664e-01
9.243369324115128238e-01
9.241829474996836602e-01
9.240488084970561733e-01
9.239328132915696212e-01
9.238333783880239292e-01
9.237490262887090298e-01
9.236783770564328533e-01
9.236201426999900432e-01
9.235731213523518113e-01
9.235361936025211493e-01
9.235083186955790335e-01
9.234885309013367571e-01
9.234759359673692103e-01
9.234697076217300848e-01
9.234690841165851261e-01
9.234733648167842146e-01
9.234819068429594990e-01
9.234941217804994995e-01
9.235094724655399379e-01
9.235274698579921671e-01
9.235476700101248326e-01
9.235696711376309986e-01
9.235931107985803079e-01
9.236176631842443197e-01
9.236430365245252849e-01
9.236688489430044946e-01
9.236944429602398365e-01
9.237196874680416725e-01
9.237444700317324342e-01
9.237686958226275502e-01
