1.000000000000000000e+00
1.000000000000000000e+00
1.000000000000000000e+00
1.000000000000000000e+00
1.000000000000000000e+00
1.000000000000000000e+00
1.000000000000000000e+00
1.000000000000000000e+00
1.000000000000000000e+00
1.000000000000000000e+00
1.000000000000000000e+00
1.000000000000000000e+00
1.000000000000000000e+00
1.000000000000000000e+00
1.000000000000000000e+00
1.000000000000000000e+00
1.000000000000000000e+00
1.000000000000000000e+00
1.000000000000000000e+00
1.000000000000000000e+00
1.000000000000000000e+00
1.000000000000000000e+00
1.000000000000000000e+00
1.000000000000000000e+00
1.000000000000000000e+00
1.000000000000000000e+00
1.000000000000000000e+00
1.000000000000000000e+00
1.000000000000000000e+00
1.000000000000000000e+00
1.000000000000000000e+00
1.000000000000000000e+00
1.000000000000000000e+00
1.000000000000000000e+00
1.000000000000000000e+00
1.000000000000000000e+00
1.000000000000000000e+00
1.000000000000000000e+00
1.000000000000000000e+00
1.000000000000000000e+00
1.000000000000000000e+00
1.000000000000000000e+00
1.000000000000000000e+00
1.000000000000000000e+00
1.000000000000000000e+00
1.000000000000000000e+00
1.000000000000000000e+00
1.000000000000000000e+00
1.000000000000000000e+00
1.000000000000000000e+00
1.000000000000000000e+00
1.000000000000000000e+00
1.000005482943650215e+00
1.000042070210166223e+00
1.000084871722267010e+00
1.000132915645211895e+00
1.000185515858492469e+00
1.000241930244070376e+00
1.000301048290779926e+00
1.000361206730167929e+00
1.000420171998816388e+00
1.000475288767899595e+00
1.000523751005055972e+00
1.000562923017263461e+00
1.000590635370309567e+00
1.000605401165568731e+00
1.000606528792244765e+00
1.000594134633212340e+00
1.000568775045367786e+00
1.000527418891943743e+00
1.000461930306539182e+00
1.000365417724241812e+00
1.000236960960549926e+00
1.000080145867314751e+00
1.000000000000000000e+00
1.000000000000000000e+00
1.000000000000000000e+00
1.000000000000000000e+00
1.000000000000000000e+00
1.000000000000000000e+00
1.000000000000000000e+00
1.000000000000000000e+00
1.000000000000000000e+00
1.000000000000000000e+00
1.000000000000000000e+00
1.000000000000000000e+00
1.000000000000000000e+00
1.000000000000000000e+00
1.000000000000000000e+00
1.000000000000000000e+00
1.000000000000000000e+00
1.000000000000000000e+00
1.000000000000000000e+00
1.000000000000000000e+00
1.000000000000000000e+00
1.000000000000000000e+00
1.000000000000000000e+00
1.000000000000000000e+00
1.000000000000000000e+00
1.000000000000000000e+00
1.000000000000000000e+00
1.000000000000000000e+00
1.000000000000000000e+00
1.000000000000000000e+00
1.000000000000000000e+00
1.000000000000000000e+00
1.000000000000000000e+00
1.000000000000000000e+00
1.000000000000000000e+00
1.000000000000000000e+00
1.000000000000000000e+00
1.000000000000000000e+00
1.000000000000000000e+00
1.000000000000000000e+00
1.000000000000000000e+00
1.000000000000000000e+00
1.000000000000000000e+00
1.000000000000000000e+00
1.000000000000000000e+00
1.000000000000000000e+00
1.000000000000000000e+00
1.000000000000000000e+00
1.000000000000000000e+00
1.000000000000000000e+00
1.000000000000000000e+00
1.000000000000000000e+00
1.000000000000000000e+00
1.000000000000000000e+00
1.000000000000000000e+00
1.000000000000000000e+00
1.000000000000000000e+00
1.000000000000000000e+00
1.000000000000000000e+00
1.000000000000000000e+00
1.000000000000000000e+00
1.000000000000000000e+00
1.000000000000000000e+00
1.000000000000000000e+00
1.000000000000000000e+00
1.000000000000000000e+00
1.000000000000000000e+00
1.000000000000000000e+00
1.000000000000000000e+00
1.000000000000000000e+00
1.000000000000000000e+00
1.000000000000000000e+00
1.000000000000000000e+00
1.000000000000000000e+00
1.000000000000000000e+00
1.000000000000000000e+00
1.000000000000000000e+00
1.000000000000000000e+00
1.000000000000000000e+00
1.000000000000000000e+00
1.000000000000000000e+00
1.000000000000000000e+00
1.000000000000000000e+00
1.000000000000000000e+00
1.000000000000000000e+00
1.000000000000000000e+00
1.000000000000000000e+00
1.000000000000000000e+00
1.000000000000000000e+00
1.000000000000000000e+00
1.000000000000000000e+00
1.000000000000000000e+00
1.000000000000000000e+00
1.000000813869006189e+00
1.000002278071946860e+00
1.000003444598155378e+00
1.000004350472895931e+00
1.000005030877382683e+00
1.000005518874669264e+00
1.000005845154785078e+00
1.000006037829043182e+00
1.000006122290503896e+00
1.000006121148228733e+00
1.000006054234780617e+00
1.000005938680231132e+00
1.000005789039410065e+00
1.000005617460658858e+00
1.000005433895178486e+00
1.000005246322604791e+00
1.000005052204975042e+00
1.000004854189727510e+00
1.000004658792313483e+00
1.000004468820219206e+00
1.000004286021151767e+00
1.000004108537134506e+00
1.000003934238741454e+00
1.000003761699765903e+00
1.000003589987031871e+00
1.000003418791749477e+00
1.000003248110425735e+00
1.000003077910302851e+00
1.000002908175518845e+00
1.000002739005543484e+00
1.000002570554460624e+00
1.000002406851304482e+00
1.000002251422799970e+00
1.000002106760091047e+00
1.000001974484986400e+00
1.000001855502798964e+00
1.000001750140480317e+00
1.000001658269482840e+00
1.000001579413358099e+00
1.000001512840539064e+00
1.000001457643071578e+00
1.000001412802276723e+00
1.000001377242501821e+00
1.000001349874169776e+00
1.000001329627363988e+00
1.000001315477177855e+00
1.000001306462001693e+00
1.000001301695853329e+00
1.000001300375773505e+00
1.000001301785206076e+00
1.000001304954168280e+00
1.000001307667346628e+00
1.000001309959001494e+00
1.000001311866671738e+00
1.000001313429402350e+00
1.000001314686340903e+00
1.000001315675651981e+00
1.000001316433709597e+00
1.000001316994525213e+00
1.000001317389371591e+00
1.000001317646569188e+00
1.000001317782738264e+00
1.000001317813029367e+00
1.000001317759463326e+00
1.000001317641135978e+00
1.000001317474375817e+00
1.000001317272940504e+00
1.000001317048239580e+00
1.000001316809570051e+00
1.000001316564355314e+00
1.000001316318380518e+00
1.000001316076018831e+00
1.000001315840443272e+00
1.000001315613822994e+00
1.000001315397500923e+00
1.000001315192153406e+00
1.000001314997930768e+00
1.000001314814579212e+00
1.000001314641545846e+00
1.000001314478067060e+00
1.000001314323242019e+00
1.000001314176092615e+00
1.000001314035611433e+00
1.000001313900799271e+00
1.000001313770693345e+00
1.000001313644388157e+00
1.000001313521048818e+00
1.000001313399920377e+00
1.000001313280331816e+00
1.000001313161696714e+00
1.000001313043511697e+00
1.000001312925352437e+00
1.000001312806868770e+00
1.000001312687778032e+00
1.000001312567858625e+00
1.000001312446943125e+00
1.000001312324911407e+00
1.000001312201684200e+00
1.000001312077216431e+00
1.000001311951491667e+00
1.000001311824516570e+00
1.000001311696316453e+00
1.000001311566930839e+00
1.000001311436409690e+00
1.000001311304810736e+00
1.000001311172196372e+00
1.000001311038631435e+00
1.000001310904181429e+00
1.000001310768911633e+00
1.000001310632885332e+00
1.000001310496163365e+00
1.000001310358803019e+00
1.000001310220858475e+00
1.000001310082379691e+00
1.000001309943413297e+00
1.000001309804001481e+00
1.000001309664182880e+00
1.000001309523992798e+00
1.000001309383462544e+00
1.000001309242620762e+00
1.000001309101492764e+00
1.000001308960101642e+00
1.000001308818467827e+00
1.000001308676609524e+00
1.000001308534543165e+00
1.000001308392283184e+00
1.000001308249842902e+00
1.000001308107233866e+00
1.000001307964466957e+00
1.000001307821551721e+00
1.000001307678496820e+00
1.000001307535310469e+00
1.000001307391999772e+00
