6.000000000000000000e+01
6.000000000000000000e+01
6.000000000000000000e+01
6.000000000000000000e+01
6.000000000000000000e+01
6.000000000000000000e+01
6.000000000000000000e+01
6.000000000000000000e+01
6.000000000000000000e+01
6.000000000000000000e+01
6.000000000000000000e+01
6.000000000000000000e+01
6.000000000000000000e+01
6.000000000000000000e+01
6.000000000000000000e+01
6.000000000000000000e+01
6.000108600489287625e+01
6.003813388273603380e+01
6.011948118915068306e+01
6.017818672632220967e+01
6.024635968871780278e+01
6.032208249905841058e+01
6.040447579918686927e+01
6.049689483523796696e+01
6.060035937950214446e+01
6.071472638707316349e+01
6.083946035969201915e+01
6.097368801944894301e+01
6.111658655444549026e+01
6.126736307726837794e+01
6.142526809865187687e+01
6.158959445706036462e+01
6.175967222086559616e+01
6.193486350669895302e+01
6.211455838994896084e+01
6.229817202068122128e+01
6.248514272579232909e+01
6.267493082792928050e+01
6.286701795264384174e+01
6.306090665689707464e+01
6.325612024898437369e+01
6.345220272101712311e+01
6.364871874955918685e+01
6.384525371360395241e+01
6.404141370797805166e+01
6.423682553462971612e+01
6.443113666000584772e+01
6.458539330040764526e+01
6.473817342016958776e+01
6.488922300281240041e+01
6.503833760835182431e+01
6.518532638916380506e+01
6.533001268756545699e+01
6.547223432119449171e+01
6.561184356362701919e+01
6.574866958868436484e+01
6.588263106845002426e+01
6.601362213718252292e+01
6.614155006358585354e+01
6.626624086225021415e+01
6.638772699066582561e+01
6.650595132336269444e+01
6.662086795959072560e+01
6.673232889719099603e+01
6.684059416031740852e+01
6.694547030558550205e+01
6.702156530585723715e+01
6.711959822580487867e+01
6.721425745646121186e+01
6.730554956926461330e+01
6.739349730018898299e+01
6.747812986087565434e+01
6.755948247780042948e+01
6.763759587441630572e+01
6.771251577296791879e+01
6.778429242775391117e+01
6.783580172293083876e+01
6.788502091286682116e+01
6.793200325418374064e+01
6.797679890217482068e+01
6.801945956071649846e+01
6.806003831382155056e+01
6.809858943564309186e+01
6.813516819123142909e+01
6.816983065542193287e+01
6.820263352678078661e+01
6.823363261313423322e+01
6.826288730430223950e+01
6.829045509717357731e+01
6.831639342754651523e+01
6.834075955237968003e+01
6.836361285195471282e+01
6.838500805131215543e+01
6.840495975228441239e+01
6.842336820832942124e+01
6.844014398883881256e+01
6.845532041578958626e+01
6.846881636037311125e+01
6.848072365679766449e+01
6.849113298742076950e+01
