9.000000000000000000e+01
8.100000000000000000e+01
7.290000000000000568e+01
6.561000000000001364e+01
5.904900000000001370e+01
5.314410000000001588e+01
4.782969000000001358e+01
4.304672100000001222e+01
3.874204890000001456e+01
3.486784401000001310e+01
3.138105960900001179e+01
2.824295364810001274e+01
2.541865828329001076e+01
2.287679245496100933e+01
2.058911320946490875e+01
1.853020188851841965e+01
1.667718169966657982e+01
1.500946352969992148e+01
1.350851717672992969e+01
1.215766545905693619e+01
1.094189891315124363e+01
9.847709021836118737e+00
8.862938119652506330e+00
7.976644307687255520e+00
7.178979876918529790e+00
6.461081889226677255e+00
5.814973700304009618e+00
5.233476330273608923e+00
4.710128697246248386e+00
4.239115827521623636e+00
3.815204244769461184e+00
3.433683820292515065e+00
3.090315438263263825e+00
2.781283894436937576e+00
2.503155504993243685e+00
2.252839954493919272e+00
2.027555959044527345e+00
1.824800363140074655e+00
1.642320326826067323e+00
1.478088294143460546e+00
1.330279464729114514e+00
1.197251518256203129e+00
1.077526366430582749e+00
9.697737297875245188e-01
8.727963568087721002e-01
7.855167211278949457e-01
7.069650490151054845e-01
6.362685441135949027e-01
5.726416897022353902e-01
5.153775207320118179e-01
4.638397686588106583e-01
4.174557917929295758e-01
3.757102126136366294e-01
3.381391913522729942e-01
3.043252722170456948e-01
2.738927449953411086e-01
2.465034704958070089e-01
2.218531234462263191e-01
1.996678111016036983e-01
1.797010299914433284e-01
1.617309269922989901e-01
1.455578342930690938e-01
1.310020508637621817e-01
1.179018457773859663e-01
1.061116611996473780e-01
9.550049507968264018e-02
8.595044557171438449e-02
7.735540101454295436e-02
6.961986091308866587e-02
6.265787482177979928e-02
5.639208733960181935e-02
5.075287860564163533e-02
4.567759074507747596e-02
4.110983167056973114e-02
3.699884850351276011e-02
3.329896365316148410e-02
2.996906728784533638e-02
2.697216055906080309e-02
2.427494450315472244e-02
2.184745005283925123e-02
1.966270504755532680e-02
1.769643454279979516e-02
1.592679108851981565e-02
1.433411197966783478e-02
1.290070078170105217e-02
1.161063070353094730e-02
1.044956763317785205e-02
9.404610869860066669e-03
8.464149782874059655e-03
7.617734804586653516e-03
6.855961324127988164e-03
6.170365191715189435e-03
5.553328672543670665e-03
4.997995805289303858e-03
4.498196224760373819e-03
4.048376602284336351e-03
3.643538942055902889e-03
3.279185047850312687e-03
2.951266543065281679e-03
2.656139888758753727e-03
