7.386870195427049168e+01
6.454065318830603815e+01
6.282126646774961642e+01
6.125135995863104199e+01
6.114445173302277681e+01
6.102097590761432144e+01
6.089929976043492843e+01
6.078673610285724749e+01
6.068795219513158656e+01
6.060635207334865271e+01
6.054168108415050398e+01
6.049692085348108606e+01
6.047499440581012209e+01
6.046502577267482081e+01
6.046416216138187139e+01
6.047030793213651378e+01
6.048170370686719366e+01
6.049689669881500009e+01
6.051474243795130548e+01
6.053443618572302398e+01
6.055556598367523691e+01
6.057785296015746468e+01
6.060203554254304947e+01
6.062833978072465868e+01
6.065673515057167009e+01
6.068708262515502128e+01
6.071920666726638416e+01
6.075292660773079945e+01
6.078806880450611771e+01
6.082447043487908189e+01
6.086197895009936332e+01
6.090045110891595215e+01
6.093975194000745432e+01
6.097975387910455680e+01
6.102033612271191743e+01
6.106138379393318871e+01
6.110278819933293448e+01
6.114444668379261572e+01
6.118626206210377205e+01
6.122814247481652217e+01
6.127000127361696258e+01
6.131175643179369672e+01
6.135333144113831594e+01
6.139465476683451328e+01
6.143565959337571059e+01
6.147628307078947074e+01
6.151646774472758494e+01
6.155616038463318773e+01
6.159531198491529125e+01
6.163387678917769819e+01
6.167181437731164806e+01
6.170908769918467840e+01
6.174566224885946752e+01
6.178150910166347387e+01
6.181660185729288060e+01
6.185091737855768912e+01
6.188443560815569811e+01
6.191713798209069353e+01
6.194901153953424000e+01
6.198004468340616313e+01
6.201022641523632473e+01
6.203955200341595599e+01
6.206801704533074826e+01
6.209561671267210414e+01
6.212235335893458910e+01
6.214822856355654324e+01
6.217324222893471841e+01
6.219740288599741973e+01
6.222071698459478739e+01
6.224319241143258097e+01
6.226483832353509484e+01
6.228566504302458640e+01
6.230568396200509795e+01
6.232490744953764761e+01
6.234334876107996593e+01
6.236102195097453205e+01
6.237794178833943448e+01
6.239412367655624791e+01
6.240958357698831094e+01
6.242433793868665504e+01
6.243840362209611783e+01
6.245179783690149122e+01
6.246453636060486048e+01
6.247663881878750658e+01
6.248812310946141935e+01
6.249900725085776543e+01
6.250930933312904614e+01
6.251904747246621952e+01
6.252823976902651282e+01
6.253690356430686847e+01
6.254505777784671494e+01
6.255272023354700650e+01
6.255990858836212709e+01
6.256658941485835612e+01
6.257272728105128579e+01
6.257822495434042054e+01
6.258310873760354553e+01
6.258728425777690063e+01
6.259078886777226813e+01
6.259366120289412549e+01
