1.000000000000000000e+00
1.000928482696443300e+00
1.002684213222965193e+00
1.005154494895555528e+00
1.008207269931288952e+00
1.011702014941002536e+00
1.015503419293046772e+00
1.019491942629053183e+00
1.023569979432409793e+00
1.027662285066372805e+00
1.031721106608674665e+00
1.035717457042414580e+00
1.039639701767965052e+00
1.043487126586775338e+00
1.047268385312358552e+00
1.050997342462487882e+00
1.054689859510356209e+00
1.058360766269094144e+00
1.062022252574751358e+00
1.065682541559456187e+00
1.069344990681056595e+00
1.073007531915610713e+00
1.076662339189970785e+00
1.080295659821119525e+00
1.083888895913297734e+00
1.087417401285990959e+00
1.090849422551507741e+00
1.094153010022648420e+00
1.097284140761727977e+00
1.100182693672869361e+00
1.102769647476547155e+00
1.104947276997852335e+00
1.106570723612191109e+00
1.107516707309654347e+00
1.107791269761291275e+00
1.107453706811539096e+00
1.106573400931881057e+00
1.105185045013356682e+00
1.103394350571755389e+00
1.101431742499929811e+00
1.099411999250855088e+00
1.097787895444306105e+00
1.096551772319323881e+00
1.095761342186306608e+00
1.095494413529108924e+00
1.095796208917032999e+00
1.096650760986426665e+00
1.097992318102789078e+00
1.099717496478723522e+00
1.101706587191989772e+00
1.103832820662465686e+00
1.105958227117663339e+00
1.107922279849455904e+00
1.109559746454609641e+00
1.110703425982271009e+00
1.111168996075301951e+00
1.107261164451035951e+00
1.098088757289988227e+00
1.088251641049211571e+00
1.079966569712097035e+00
1.076440919581738154e+00
1.074959064531072039e+00
1.074783750978781649e+00
1.075388922771938205e+00
1.076646069742376755e+00
1.078465163402079874e+00
1.028354232821420355e+00
1.000000000000000000e+00
1.000000000000000000e+00
1.000000000000000000e+00
1.000000000000000000e+00
1.000000000000000000e+00
1.000000000000000000e+00
1.000000000000000000e+00
1.000000000000000000e+00
1.000000000000000000e+00
1.000000000000000000e+00
1.000000000000000000e+00
1.000000000000000000e+00
1.000000000000000000e+00
1.000000000000000000e+00
1.000000000000000000e+00
1.000000000000000000e+00
1.000000000000000000e+00
1.000000000000000000e+00
1.000000000000000000e+00
1.000000000000000000e+00
1.000000000000000000e+00
1.000000000000000000e+00
1.000000000000000000e+00
1.000000000000000000e+00
1.000000000000000000e+00
1.000000000000000000e+00
1.000000000000000000e+00
1.000000000000000000e+00
1.000000000000000000e+00
1.000000000000000000e+00
1.000000000000000000e+00
1.000000000000000000e+00
1.000000000000000000e+00
1.000000000000000000e+00
1.000000000000000000e+00
1.000000000000000000e+00
1.000000000000000000e+00
1.000000000000000000e+00
1.000000000000000000e+00
1.000000000000000000e+00
1.000000000000000000e+00
1.000000000000000000e+00
1.000000000000000000e+00
1.000000000000000000e+00
1.000000000000000000e+00
1.000000000000000000e+00
1.000000000000000000e+00
1.000000000000000000e+00
1.000000000000000000e+00
1.000000000000000000e+00
1.000000000000000000e+00
1.000000000000000000e+00
1.000000000000000000e+00
1.000000000000000000e+00
1.000000000000000000e+00
1.000000000000000000e+00
1.000000000000000000e+00
1.000000000000000000e+00
1.000000000000000000e+00
1.000000000000000000e+00
1.000000000000000000e+00
1.000000000000000000e+00
1.000000000000000000e+00
1.000039401640991699e+00
1.000098240592323329e+00
1.000164436532864798e+00
1.000230066273572582e+00
1.000290087413989504e+00
1.000342178879961130e+00
1.000387500121167950e+00
1.000432050493851976e+00
1.000477646380239172e+00
1.000523605397896754e+00
1.000569155424270607e+00
1.000614013354933052e+00
1.000658450046670644e+00
1.000703044726364510e+00
1.000748418477543700e+00
1.000795106732116579e+00
1.000843563737235709e+00
1.000894220403656831e+00
1.000950169120111699e+00
1.001013958390411185e+00
1.001079393679770835e+00
1.001147386165043285e+00
1.001219225485131981e+00
1.001296312585749471e+00
1.001379870561537766e+00
1.001471073783765986e+00
1.001571164638182188e+00
1.001681280714278532e+00
1.001802290529280937e+00
1.001934737461485092e+00
1.002079258131735928e+00
1.002236328944990484e+00
1.002406162924589061e+00
1.002588771409326673e+00
1.002783897471124064e+00
1.002990985664560908e+00
1.003209092386034840e+00
1.003436864654773775e+00
1.003672211810527681e+00
1.003912560493920303e+00
1.004155155242768771e+00
1.004397215035573998e+00
1.004635908620671536e+00
1.004868308232088614e+00
1.005091349822476499e+00
1.005301667164115953e+00
1.005495514832114301e+00
1.005668799647354117e+00
1.005817038697944144e+00
1.005935299172628472e+00
1.006018181986052307e+00
1.006060207096070469e+00
1.006055920036614149e+00
1.006000299665361641e+00
1.005881758388974534e+00
1.005390738127889261e+00
1.004523887107659608e+00
1.003312453535070592e+00
1.001807595190323363e+00
1.000073324547304798e+00
1.000000000000000000e+00
1.000000000000000000e+00
1.000000000000000000e+00
1.000000000000000000e+00
1.000000000000000000e+00
1.000000000000000000e+00
1.000000000000000000e+00
1.000000000000000000e+00
1.000000000000000000e+00
1.000000000000000000e+00
1.000000000000000000e+00
1.000000000000000000e+00
1.000000000000000000e+00
1.000000000000000000e+00
1.000000000000000000e+00
1.000000000000000000e+00
1.000000000000000000e+00
1.000000000000000000e+00
1.000000000000000000e+00
1.000000000000000000e+00
1.000000000000000000e+00
1.000000000000000000e+00
1.000000000000000000e+00
1.000000000000000000e+00
1.000000000000000000e+00
1.000000000000000000e+00
1.000000000000000000e+00
1.000000000000000000e+00
1.000000000000000000e+00
1.000000000000000000e+00
1.000000000000000000e+00
1.000000000000000000e+00
1.000000000000000000e+00
1.000000000000000000e+00
1.000000000000000000e+00
1.000000000000000000e+00
1.000000000000000000e+00
1.000000000000000000e+00
1.000000000000000000e+00
1.000000000000000000e+00
1.000000000000000000e+00
1.000000000000000000e+00
1.000000000000000000e+00
1.000000000000000000e+00
1.000000000000000000e+00
1.000000000000000000e+00
1.000000000000000000e+00
1.000000000000000000e+00
1.000000000000000000e+00
1.000000000000000000e+00
1.000000000000000000e+00
1.000000000000000000e+00
1.000000000000000000e+00
1.000000000000000000e+00
1.000000000000000000e+00
1.000000000000000000e+00
1.000000000000000000e+00
1.000000000000000000e+00
1.000000000000000000e+00
1.000000000000000000e+00
1.000000000000000000e+00
1.000000000000000000e+00
1.000000000000000000e+00
1.000000000000000000e+00
1.000000000000000000e+00
1.000000000000000000e+00
1.000000000000000000e+00
1.000000000000000000e+00
1.000000000000000000e+00
1.000000000000000000e+00
1.000000000000000000e+00
1.000000000000000000e+00
1.000000000000000000e+00
1.000000000000000000e+00
1.000000000000000000e+00
1.000000000000000000e+00
1.000000000000000000e+00
1.000000000000000000e+00
1.000000000000000000e+00
1.000000000000000000e+00
1.000000000000000000e+00
1.000000000000000000e+00
1.000000000000000000e+00
1.000000000000000000e+00
1.000000000000000000e+00
1.000000000000000000e+00
1.000000000000000000e+00
1.000000000000000000e+00
1.000000000000000000e+00
1.000000000000000000e+00
1.000000000000000000e+00
1.000000000000000000e+00
1.000000000000000000e+00
1.000000000000000000e+00
1.000000000000000000e+00
1.000000000000000000e+00
1.000000000000000000e+00
1.000000000000000000e+00
1.000000000000000000e+00
1.000000000000000000e+00
1.000000000000000000e+00
1.000000000000000000e+00
1.000000000000000000e+00
1.000000000000000000e+00
1.000000000000000000e+00
1.000000000000000000e+00
1.000000000000000000e+00
1.000000000000000000e+00
1.000000000000000000e+00
1.000000000000000000e+00
