7.650000000000000000e+01
6.885000000000000853e+01
6.196500000000001052e+01
5.576850000000001017e+01
5.019165000000000987e+01
4.517248500000000888e+01
4.065523650000000799e+01
3.658971285000000506e+01
3.293074156500000527e+01
2.963766740850000403e+01
2.667390066765000256e+01
2.400651060088500444e+01
2.160585954079650506e+01
1.944527358671685491e+01
1.750074622804516977e+01
1.575067160524065280e+01
1.417560444471658698e+01
1.275804400024492935e+01
1.148223960022043677e+01
1.033401564019839292e+01
9.300614076178554512e+00
8.370552668560700127e+00
7.533497401704630114e+00
6.780147661534167369e+00
6.102132895380750988e+00
5.491919605842675800e+00
4.942727645258408131e+00
4.448454880732567673e+00
4.003609392659311261e+00
3.603248453393380402e+00
3.242923608054042450e+00
2.918631247248638427e+00
2.626768122523774451e+00
2.364091310271397184e+00
2.127682179244257732e+00
1.914913961319832048e+00
1.723422565187848976e+00
1.551080308669064101e+00
1.395972277802157713e+00
1.256375050021941941e+00
1.130737545019747881e+00
1.017663790517773226e+00
9.158974114659959032e-01
8.243076703193963350e-01
7.418769032874567015e-01
6.676892129587110869e-01
6.009202916628400004e-01
5.408282624965560226e-01
4.867454362469004203e-01
4.380708926222103838e-01
3.942638033599893399e-01
3.548374230239904059e-01
3.193536807215913709e-01
2.874183126494322393e-01
2.586764813844890099e-01
2.328088332460401255e-01
2.095279499214361130e-01
1.885751549292924989e-01
1.697176394363632546e-01
1.527458754927269458e-01
1.374712879434542567e-01
1.237241591491088366e-01
1.113517432341979557e-01
1.002165689107781671e-01
9.019491201970035454e-02
8.117542081773032603e-02
7.305787873595730175e-02
6.575209086236157019e-02
5.917688177612541456e-02
5.325919359851287449e-02
4.793327423866158843e-02
4.313994681479543097e-02
3.882595213331588996e-02
3.494335691998429888e-02
3.144902122798586691e-02
2.830411910518728161e-02
2.547370719466855379e-02
2.292633647520169946e-02
2.063370282768153124e-02
1.857033254491338020e-02
1.671329929042204149e-02
1.504196936137983803e-02
1.353777242524185388e-02
1.218399518271766867e-02
1.096559566444590267e-02
9.869036098001313095e-03
8.882132488201181786e-03
7.993919239381063954e-03
7.194527315442957385e-03
6.475074583898661994e-03
5.827567125508795708e-03
5.244810412957916050e-03
4.720329371662124358e-03
4.248296434495911836e-03
3.823466791046320652e-03
3.441120111941688760e-03
3.097008100747519754e-03
2.787307290672767692e-03
2.508576561605491053e-03
2.257718905444941818e-03
