1.000000000000000000e+00
1.000935460128544952e+00
1.002705311597364979e+00
1.005202466365447300e+00
1.008306512117667308e+00
1.011889080049091394e+00
1.015821720380731374e+00
1.019982975957867799e+00
1.024263788140813647e+00
1.028571108393827593e+00
1.032828156264472330e+00
1.036980385605729360e+00
1.040988664985311729e+00
1.044829534027235773e+00
1.048492915635765188e+00
1.051979442198962778e+00
1.055298932092643582e+00
1.058467152607835082e+00
1.061501669893735178e+00
1.064420703049207662e+00
1.067241191267972011e+00
1.069977492288080922e+00
1.072640532119782053e+00
1.075237358432645562e+00
1.077771027340308718e+00
1.080240746511051286e+00
1.082642289861548646e+00
1.084968161212895632e+00
1.087209172613595287e+00
1.089355802124722938e+00
1.091399076487680198e+00
1.093332443690706590e+00
1.095148873159604630e+00
1.096840827886475855e+00
1.098401224763759343e+00
1.099820402194158220e+00
1.101087023253414232e+00
1.102187757936210266e+00
1.103115554818320021e+00
1.103864717726687372e+00
1.104436423731231409e+00
1.104842964549384243e+00
1.105107401564585423e+00
1.105262566374735522e+00
1.105350340353001837e+00
1.105419745181557944e+00
1.105524076993067872e+00
1.105718246985317510e+00
1.106055314285446345e+00
1.106583324868817275e+00
1.107342672285209106e+00
1.108314530448387236e+00
1.109554371005874174e+00
1.111155574631240039e+00
1.113108119300369792e+00
1.115365439842930018e+00
1.117761191139738486e+00
1.120242859864441387e+00
1.122833360011226800e+00
1.125139945246740547e+00
1.127158388659316612e+00
1.129236271843937711e+00
1.131094064189709369e+00
1.131778480061485848e+00
1.131256050854472894e+00
1.123212682263395434e+00
1.112788929840132557e+00
1.101434731814640910e+00
1.088741363458018085e+00
1.076660191074571893e+00
1.064824732776049387e+00
1.056567196986663904e+00
1.050815051442021364e+00
1.048295831582436222e+00
1.047114576054434032e+00
1.047003225365398471e+00
1.047398959348988523e+00
1.048224310362254830e+00
1.049412849627995303e+00
1.050897689732598117e+00
1.052613241465403693e+00
1.054497061355921916e+00
1.056491553606610623e+00
1.058545361702417864e+00
1.060614339580268073e+00
1.062662043490304908e+00
1.064661662664571962e+00
1.066585350049385816e+00
1.068414615383833199e+00
1.070140760509084021e+00
1.071761354054770798e+00
1.073278431700854352e+00
1.074697196706015490e+00
1.076032188798623057e+00
1.077270375040621619e+00
1.078437151427461327e+00
1.079520349058506135e+00
1.080525128002391755e+00
1.081456772641065101e+00
1.082320489222991622e+00
1.083121345829226145e+00
1.083864223881144229e+00
1.084553782164137337e+00
1.085194430360476581e+00
1.085790309402932641e+00
1.086345277084605154e+00
1.086862898203478922e+00
1.087346439005842713e+00
1.087798865904649581e+00
1.088222848478333393e+00
1.088620766676548612e+00
1.088994722027132989e+00
1.089346552492558962e+00
1.089677850490389011e+00
1.089989983486500336e+00
1.090284116499897760e+00
1.090561235825682651e+00
1.090822173286056351e+00
1.091067630353390827e+00
1.091298201548377644e+00
1.091514396593587621e+00
1.091716660892194657e+00
1.091905393997505858e+00
1.092080965836446982e+00
1.092243730545336522e+00
1.092394037865961343e+00
1.092532242131722953e+00
1.092658708945621004e+00
1.092773819712776984e+00
1.092877974239192529e+00
1.092971591645032214e+00
1.093055109864821794e+00
1.093128984018863159e+00
1.093193683940552496e+00
1.093249691145933289e+00
1.093297495471108105e+00
1.093342888819988312e+00
1.093393278965042237e+00
1.093454856288021526e+00
1.093525646853489963e+00
1.093600626737615711e+00
1.093676011484627564e+00
1.093749397865665607e+00
1.093820282645254771e+00
1.093890820962104993e+00
1.093961531337462878e+00
1.094031031909191709e+00
1.094097142629888664e+00
1.094157982570662435e+00
1.094212568781709916e+00
1.094260880444568818e+00
1.094303571313387513e+00
1.094341569437139228e+00
1.094375749933336195e+00
1.094406767278244041e+00
1.094435042302066785e+00
1.094460845677571070e+00
1.094484408454825086e+00
1.094505982548752199e+00
1.094525635890019055e+00
1.094543201409385880e+00
1.094558373255413164e+00
1.094570797641459814e+00
1.094580133612777839e+00
1.094586072191186199e+00
1.094588322674530767e+00
1.094586584785027350e+00
1.094580450303137775e+00
1.094562750094228321e+00
1.094514809492671326e+00
1.094432417549087821e+00
1.094303089156472453e+00
1.094107997761516460e+00
1.093841895661187280e+00
1.093499105031664032e+00
1.093073512568642158e+00
1.092558566956285171e+00
1.091947274563851655e+00
1.091232188701276362e+00
1.090405390729857205e+00
1.089458464597030440e+00
1.088382468041850348e+00
1.087167903741322217e+00
1.085804693145561828e+00
1.084282155845629925e+00
1.082588998549265158e+00
1.080713319929989868e+00
1.078642640236236350e+00
1.076363967046364500e+00
1.073863910430476132e+00
1.071128861426529744e+00
1.068145246256335668e+00
1.064899863764081411e+00
1.061380303909596812e+00
1.057575429679218804e+00
1.053475884145360197e+00
1.049074561894681734e+00
1.044366966153463361e+00
1.039351369702789629e+00
1.034028718564895977e+00
1.028402267252233937e+00
1.022477006706679514e+00
1.016259020018715598e+00
1.009754945425796802e+00
1.002971710528249849e+00
1.000000000000000000e+00
1.000000000000000000e+00
1.000000000000000000e+00
1.000000000000000000e+00
1.000000000000000000e+00
1.000000000000000000e+00
1.000000000000000000e+00
1.000000000000000000e+00
1.000000000000000000e+00
1.000000000000000000e+00
1.000000000000000000e+00
1.000000000000000000e+00
1.000000000000000000e+00
1.000000000000000000e+00
1.000000000000000000e+00
1.000000000000000000e+00
1.000000000000000000e+00
1.000000000000000000e+00
1.000000000000000000e+00
1.000000000000000000e+00
1.000000000000000000e+00
1.000000000000000000e+00
1.000000000000000000e+00
1.000000000000000000e+00
1.000000000000000000e+00
1.000000000000000000e+00
1.000000000000000000e+00
1.000000000000000000e+00
1.000000000000000000e+00
1.000000000000000000e+00
1.000000000000000000e+00
1.000000000000000000e+00
1.000000000000000000e+00
1.000000000000000000e+00
1.000000000000000000e+00
1.000000000000000000e+00
1.000000000000000000e+00
1.000000000000000000e+00
1.000000000000000000e+00
1.000000000000000000e+00
1.000000000000000000e+00
1.000000000000000000e+00
1.000000000000000000e+00
1.000000000000000000e+00
1.000000000000000000e+00
1.000000000000000000e+00
1.000000000000000000e+00
1.000000000000000000e+00
1.000000000000000000e+00
1.000000000000000000e+00
1.000000000000000000e+00
1.000000000000000000e+00
1.000000000000000000e+00
1.000000000000000000e+00
1.000000000000000000e+00
1.000000000000000000e+00
1.000000000000000000e+00
1.000000000000000000e+00
1.000000000000000000e+00
1.000000000000000000e+00
1.000000000000000000e+00
1.000000000000000000e+00
1.000000000000000000e+00
1.000000000000000000e+00
1.000000000000000000e+00
1.000000000000000000e+00
1.000000000000000000e+00
1.000000000000000000e+00
1.000000000000000000e+00
1.000000000000000000e+00
1.000000000000000000e+00
1.000000000000000000e+00
1.000000000000000000e+00
1.000000000000000000e+00
1.000000000000000000e+00
1.000000000000000000e+00
1.000000000000000000e+00
1.000000000000000000e+00
1.000000000000000000e+00
1.000000000000000000e+00
1.000000000000000000e+00
1.000000000000000000e+00
1.000000000000000000e+00
1.000000000000000000e+00
1.000000000000000000e+00
1.000000000000000000e+00
1.000000000000000000e+00
1.000000000000000000e+00
1.000000000000000000e+00
1.000000000000000000e+00
1.000000000000000000e+00
1.000000000000000000e+00
1.000000000000000000e+00
1.000000000000000000e+00
1.000000000000000000e+00
