6.750000000000000000e+01
6.075000000000000000e+01
5.467500000000000426e+01
4.920750000000000313e+01
4.428675000000000495e+01
3.985807500000000658e+01
3.587226750000000663e+01
3.228504075000000739e+01
2.905653667500000736e+01
2.615088300750000627e+01
2.353579470675000707e+01
2.118221523607500600e+01
1.906399371246750718e+01
1.715759434122075788e+01
1.544183490709868245e+01
1.389765141638881474e+01
1.250788627474993397e+01
1.125709764727494111e+01
1.013138788254744682e+01
9.118249094292702139e+00
8.206424184863431393e+00
7.385781766377088609e+00
6.647203589739380192e+00
5.982483230765442528e+00
5.384234907688898453e+00
4.845811416920009052e+00
4.361230275228008324e+00
3.925107247705207580e+00
3.532596522934686956e+00
3.179336870641218393e+00
2.861403183577096776e+00
2.575262865219387187e+00
2.317736578697448646e+00
2.085962920827703737e+00
1.877366628744933319e+00
1.689629965870440120e+00
1.520666969283396064e+00
1.368600272355056546e+00
1.231740245119550936e+00
1.108566220607595909e+00
9.977095985468363848e-01
8.979386386921527352e-01
8.081447748229374506e-01
7.273302973406436944e-01
6.545972676065793250e-01
5.891375408459214036e-01
5.302237867613293076e-01
4.772014080851963991e-01
4.294812672766767925e-01
3.865331405490091132e-01
3.478798264941082019e-01
3.130918438446974039e-01
2.817826594602276802e-01
2.536043935142049399e-01
2.282439541627844515e-01
2.054195587465059980e-01
1.848776028718553954e-01
1.663898425846698503e-01
1.497508583262028570e-01
1.347757724935825796e-01
1.212981952442243189e-01
1.091683757198018828e-01
9.825153814782169870e-02
8.842638433303953716e-02
7.958374589973558899e-02
7.162537130976202870e-02
6.446283417878583000e-02
5.801655076090724700e-02
5.221489568481652022e-02
4.699340611633486681e-02
4.229406550470138360e-02
3.806465895423124385e-02
3.425819305880811738e-02
3.083237375292730703e-02
2.774913637763457702e-02
2.497422273987112001e-02
2.247680046588401009e-02
2.022912041929560839e-02
1.820620837736604963e-02
1.638558753962944536e-02
1.474702878566650117e-02
1.327232590709985158e-02
1.194509331638986607e-02
1.075058398475087912e-02
9.675525586275790860e-03
8.707973027648212641e-03
7.837175724883391204e-03
7.053458152395052604e-03
6.348112337155547777e-03
5.713301103439993173e-03
5.141970993095994376e-03
4.627773893786394678e-03
4.164996504407754950e-03
3.748496853966979628e-03
3.373647168570281882e-03
3.036282451713253564e-03
2.732654206541928251e-03
2.459388785887735383e-03
2.213449907298961801e-03
1.992104916569065621e-03
