1.046819221487330226e-01
1.089422017077268101e-01
1.104634203951123800e-01
1.107378201906327325e-01
1.103157494613347250e-01
1.094907325274086518e-01
1.084399982819337915e-01
1.072692403645355147e-01
1.060409901894757145e-01
1.048174311949586074e-01
1.036465833245006907e-01
1.025131566463962224e-01
1.013106931594949106e-01
1.001143525954139996e-01
9.898764157881648207e-02
9.796631317227470770e-02
9.706030963022269087e-02
9.626635055461135737e-02
9.557530726910698493e-02
9.497417801044251429e-02
9.444785655545918923e-02
9.400312485641162952e-02
9.366879852204890167e-02
9.343958405535664202e-02
9.328694717731975117e-02
9.316780739553778834e-02
9.304253352637871510e-02
9.291005809865927889e-02
9.277050679664862465e-02
9.262473205472972204e-02
9.247400020220576666e-02
9.231978024120182647e-02
9.216360109113698462e-02
9.200695611104958704e-02
9.185002154313577638e-02
9.169416399904020687e-02
9.153924270737613667e-02
9.138643852046990368e-02
9.123683236924338968e-02
9.108993442170965071e-02
9.094676668246652607e-02
9.080774141089857643e-02
9.067259690533679972e-02
9.054212357500150687e-02
9.041694302897423929e-02
9.029752322681972032e-02
9.018419503999443310e-02
9.007716917826483205e-02
8.997655274673427295e-02
8.988236493735869692e-02
8.979455154514494331e-02
8.971299814037787812e-02
8.963754183114401586e-02
8.956798162359026760e-02
8.950408743690876912e-02
8.944560786142310982e-02
8.939227676591705862e-02
8.934381886819582619e-02
8.929995438374664640e-02
8.926040286355500786e-02
8.922488632536688946e-02
8.919313177424086081e-02
8.916487319902338671e-02
8.913985312203762112e-02
8.911782377022026136e-02
8.909854792743135410e-02
8.908179951984492029e-02
8.906736397926658111e-02
8.905503842292965266e-02
8.904463168276616214e-02
8.903596421228730795e-02
8.902886789498076769e-02
8.902318577447476677e-02
8.901877172356825740e-02
8.901549006652011153e-02
8.901321516666911571e-02
8.901183098946777172e-02
8.901123064930302475e-02
8.901131594699517036e-02
8.901199690355397764e-02
8.901319138089561211e-02
8.901482448778053058e-02
8.901682817945681669e-02
8.901914082728745736e-02
8.902170679353572924e-02
8.902447602070846788e-02
8.902740363659232548e-02
8.903044957579590857e-02
8.903357821833958463e-02
8.903671521255922261e-02
8.903979652663208955e-02
8.904280902132745423e-02
8.904574172640108976e-02
8.904858562980698389e-02
8.905133348146106187e-02
8.905397961094935200e-02
8.905651975856308800e-02
8.905895091903363869e-02
8.906127119733649178e-02
8.906347967593380988e-02
