1.000000000000000000e+00
1.000909062716331288e+00
1.002635387955545854e+00
1.005079617602684827e+00
1.008127432488786779e+00
1.011652182560690116e+00
1.015520019046073585e+00
1.019606089513183322e+00
1.023799378807498384e+00
1.028004294848393618e+00
1.032136069490096064e+00
1.036127816089854825e+00
1.039939714715380159e+00
1.043558420372526330e+00
1.046986601460486499e+00
1.050236814698707111e+00
1.053326123195184927e+00
1.056272013897433748e+00
1.059092653863532796e+00
1.061803746783533065e+00
1.064418944028522551e+00
1.066949342347532026e+00
1.069403707030387674e+00
1.071788677328406880e+00
1.074109137412140758e+00
1.076368495359018684e+00
1.078568822819326645e+00
1.080710891227415482e+00
1.082794161468938698e+00
1.084820236437032070e+00
1.086791481272537885e+00
1.088708389843265234e+00
1.090563727276607553e+00
1.092347099529221044e+00
1.094045457995808990e+00
1.095643506548730439e+00
1.097123695307776314e+00
1.098465112769864360e+00
1.099645959800393813e+00
1.100642376385155830e+00
1.101430892229888103e+00
1.101989995930533484e+00
1.102272194950745021e+00
1.102249526633329202e+00
1.101987995912647955e+00
1.101586016445213367e+00
1.101142176399838801e+00
1.100739437600661397e+00
1.100360797948830571e+00
1.100060864111930270e+00
1.099906606580623336e+00
1.099953323815776152e+00
1.100302718425703707e+00
1.100998006451138211e+00
1.102056258214768825e+00
1.103478436615514591e+00
1.105257908833852776e+00
1.107385856515688216e+00
1.109798143674769699e+00
1.112397331237757747e+00
1.114990376678428374e+00
1.117269249916771345e+00
1.118989251103538862e+00
1.120345896837989130e+00
1.121510029616212822e+00
1.122468990086819884e+00
1.107683051272037478e+00
1.077574526700395108e+00
1.020632512262751090e+00
1.000000000000000000e+00
1.000000000000000000e+00
1.000000000000000000e+00
1.000000000000000000e+00
1.000000000000000000e+00
1.000000000000000000e+00
1.000000000000000000e+00
1.000000000000000000e+00
1.000000000000000000e+00
1.000000000000000000e+00
1.000000000000000000e+00
1.000000000000000000e+00
1.000000000000000000e+00
1.000000000000000000e+00
1.000000000000000000e+00
1.000000000000000000e+00
1.000000000000000000e+00
1.000000000000000000e+00
1.000000000000000000e+00
1.000000000000000000e+00
1.000000000000000000e+00
1.000000000000000000e+00
1.000000000000000000e+00
1.000000000000000000e+00
1.000000000000000000e+00
1.000000000000000000e+00
1.000000000000000000e+00
1.000000000000000000e+00
1.000000000000000000e+00
1.000000000000000000e+00
1.000000000000000000e+00
1.000000000000000000e+00
1.000000000000000000e+00
1.000000000000000000e+00
1.000000000000000000e+00
1.000000000000000000e+00
1.000000000000000000e+00
1.000000000000000000e+00
1.000000000000000000e+00
1.000000000000000000e+00
1.000000000000000000e+00
1.000000000000000000e+00
1.000000000000000000e+00
1.000000000000000000e+00
1.000000000000000000e+00
1.000000000000000000e+00
1.000000000000000000e+00
1.000000000000000000e+00
1.000000000000000000e+00
1.000000000000000000e+00
1.000000000000000000e+00
1.000363212628888387e+00
1.000706345615770765e+00
1.001030207060125132e+00
1.001335552750699964e+00
1.001622985940773036e+00
1.001892984704181311e+00
1.002145839307424291e+00
1.002381988063677953e+00
1.002601871486097806e+00
1.002805869487647605e+00
1.002994314425427413e+00
1.003167530396436913e+00
1.003325927827784625e+00
1.003469945441825439e+00
1.003600006559291602e+00
1.003716496897394173e+00
1.003819849230544348e+00
1.003910837386215782e+00
1.003990234766387379e+00
1.004058643840097576e+00
1.004116610090991735e+00
1.004164684226918958e+00
1.004203463691380804e+00
1.004233630462188387e+00
1.004255830441512121e+00
1.004270686238810661e+00
1.004278827690315845e+00
1.004280856815361833e+00
1.004277358674497966e+00
1.004268889756601446e+00
1.004256002272409409e+00
1.004246162220300054e+00
1.004243404806955065e+00
1.004246427086353366e+00
1.004249859911455989e+00
1.004246399879384244e+00
1.004230013175716252e+00
1.004197515483329362e+00
1.004148667957691865e+00
1.004071623730452556e+00
1.003951486091058554e+00
1.003779756368012865e+00
1.003556337198998616e+00
1.003288174884647388e+00
1.002987744886041810e+00
1.002674683473784523e+00
1.002358693147326507e+00
1.002071728456199295e+00
1.001817898547574748e+00
1.001599503281818127e+00
1.001417033298974912e+00
1.001265319343205062e+00
1.001132530317746960e+00
1.001008296043295998e+00
1.000884619767025585e+00
1.000742881712362031e+00
1.000567936628194099e+00
1.000345011239185178e+00
1.000060044095183232e+00
1.000000000000000000e+00
1.000000000000000000e+00
1.000000000000000000e+00
1.000000000000000000e+00
1.000000000000000000e+00
1.000000000000000000e+00
1.000000000000000000e+00
1.000000000000000000e+00
1.000000000000000000e+00
1.000000000000000000e+00
1.000000000000000000e+00
1.000000000000000000e+00
1.000000000000000000e+00
1.000000000000000000e+00
1.000000000000000000e+00
1.000000000000000000e+00
1.000000000000000000e+00
1.000000000000000000e+00
1.000000000000000000e+00
1.000000000000000000e+00
1.000000000000000000e+00
1.000000000000000000e+00
1.000000000000000000e+00
1.000000000000000000e+00
1.000000000000000000e+00
1.000000000000000000e+00
1.000000000000000000e+00
1.000000000000000000e+00
1.000000000000000000e+00
1.000000000000000000e+00
1.000000000000000000e+00
1.000000000000000000e+00
1.000000000000000000e+00
1.000000000000000000e+00
1.000000000000000000e+00
1.000000000000000000e+00
1.000000000000000000e+00
1.000000000000000000e+00
1.000000000000000000e+00
1.000000000000000000e+00
1.000000000000000000e+00
1.000000000000000000e+00
1.000000000000000000e+00
1.000000000000000000e+00
1.000000000000000000e+00
1.000000000000000000e+00
1.000000000000000000e+00
1.000000000000000000e+00
1.000000000000000000e+00
1.000000000000000000e+00
1.000000000000000000e+00
1.000000000000000000e+00
1.000000000000000000e+00
1.000000000000000000e+00
1.000000000000000000e+00
1.000000000000000000e+00
1.000000000000000000e+00
1.000000000000000000e+00
1.000000000000000000e+00
1.000000000000000000e+00
1.000000000000000000e+00
1.000000000000000000e+00
1.000000000000000000e+00
1.000000000000000000e+00
1.000000000000000000e+00
1.000000000000000000e+00
1.000000000000000000e+00
1.000000000000000000e+00
1.000000000000000000e+00
1.000000000000000000e+00
1.000000000000000000e+00
1.000000000000000000e+00
1.000000000000000000e+00
1.000000000000000000e+00
1.000000000000000000e+00
1.000000000000000000e+00
1.000000000000000000e+00
1.000000000000000000e+00
1.000000000000000000e+00
1.000000000000000000e+00
1.000000000000000000e+00
1.000000000000000000e+00
1.000000000000000000e+00
1.000000000000000000e+00
1.000000000000000000e+00
1.000000000000000000e+00
1.000000000000000000e+00
1.000000000000000000e+00
1.000000000000000000e+00
1.000000000000000000e+00
1.000000000000000000e+00
1.000000000000000000e+00
1.000000000000000000e+00
1.000000000000000000e+00
1.000000000000000000e+00
1.000000000000000000e+00
1.000000000000000000e+00
1.000000000000000000e+00
1.000000000000000000e+00
1.000000000000000000e+00
1.000000000000000000e+00
1.000000000000000000e+00
1.000000000000000000e+00
1.000000000000000000e+00
1.000000000000000000e+00
1.000000000000000000e+00
1.000000000000000000e+00
1.000000000000000000e+00
1.000000000000000000e+00
1.000000000000000000e+00
1.000000000000000000e+00
1.000000000000000000e+00
1.000000000000000000e+00
1.000000000000000000e+00
1.000000000000000000e+00
1.000000000000000000e+00
1.000000000000000000e+00
1.000000000000000000e+00
1.000000000000000000e+00
1.000000000000000000e+00
1.000000000000000000e+00
