3.600000000000000000e+02
3.350000000000000000e+02
1.300000000000000000e+02
3.720000000000000000e+02
1.700000000000000000e+02
6.000000000000000000e+01
4.800000000000000000e+01
5.500000000000000000e+01
5.800000000000000000e+01
5.900000000000000000e+01
8.400000000000000000e+01
9.200000000000000000e+01
5.700000000000000000e+01
7.300000000000000000e+01
3.700000000000000000e+01
3.500000000000000000e+01
2.900000000000000000e+01
3.000000000000000000e+01
3.000000000000000000e+01
3.000000000000000000e+01
3.000000000000000000e+01
3.000000000000000000e+01
3.000000000000000000e+01
3.000000000000000000e+01
3.000000000000000000e+01
3.000000000000000000e+01
3.000000000000000000e+01
3.100000000000000000e+01
3.300000000000000000e+01
3.400000000000000000e+01
3.500000000000000000e+01
3.600000000000000000e+01
3.700000000000000000e+01
3.800000000000000000e+01
3.900000000000000000e+01
4.100000000000000000e+01
4.200000000000000000e+01
4.300000000000000000e+01
3.800000000000000000e+01
3.500000000000000000e+01
3.600000000000000000e+01
3.700000000000000000e+01
6.200000000000000000e+01
4.990000000000000000e+02
4.990000000000000000e+02
4.990000000000000000e+02
4.990000000000000000e+02
4.990000000000000000e+02
4.990000000000000000e+02
4.990000000000000000e+02
4.990000000000000000e+02
4.990000000000000000e+02
4.990000000000000000e+02
4.990000000000000000e+02
4.990000000000000000e+02
4.990000000000000000e+02
4.990000000000000000e+02
4.990000000000000000e+02
4.990000000000000000e+02
4.990000000000000000e+02
4.990000000000000000e+02
4.990000000000000000e+02
4.990000000000000000e+02
4.990000000000000000e+02
4.990000000000000000e+02
4.990000000000000000e+02
4.990000000000000000e+02
4.990000000000000000e+02
4.990000000000000000e+02
4.990000000000000000e+02
4.990000000000000000e+02
4.990000000000000000e+02
4.990000000000000000e+02
4.990000000000000000e+02
4.990000000000000000e+02
4.990000000000000000e+02
4.990000000000000000e+02
4.990000000000000000e+02
4.990000000000000000e+02
4.990000000000000000e+02
4.990000000000000000e+02
4.990000000000000000e+02
4.990000000000000000e+02
4.990000000000000000e+02
4.990000000000000000e+02
4.990000000000000000e+02
4.990000000000000000e+02
4.990000000000000000e+02
4.990000000000000000e+02
4.990000000000000000e+02
4.990000000000000000e+02
4.990000000000000000e+02
4.990000000000000000e+02
4.990000000000000000e+02
4.990000000000000000e+02
4.990000000000000000e+02
4.990000000000000000e+02
4.990000000000000000e+02
4.990000000000000000e+02
4.990000000000000000e+02
