6.000000000000000000e+01
6.000000000000000000e+01
6.000000000000000000e+01
6.000000000000000000e+01
6.000000000000000000e+01
6.000000000000000000e+01
6.000000000000000000e+01
6.000000000000000000e+01
6.000000000000000000e+01
6.000000000000000000e+01
6.000000000000000000e+01
6.000000000000000000e+01
6.000000000000000000e+01
6.000000000000000000e+01
6.000000000000000000e+01
6.000000000000000000e+01
6.000524920575023913e+01
6.031284205559951772e+01
6.117211436999376417e+01
6.759924622113386761e+01
7.675490743575851127e+01
6.000000000000000000e+01
6.000000000000000000e+01
6.000000000000000000e+01
6.044248468498263804e+01
6.094994273221892200e+01
7.390116920041145931e+01
8.152704639186465840e+01
6.000000000000000000e+01
6.000000000000000000e+01
6.058868022783279628e+01
7.640242839074083747e+01
7.521798527306791016e+01
7.915900931961442666e+01
6.000000000000000000e+01
6.000000000000000000e+01
6.062241972255202427e+01
6.130998922059706757e+01
7.977456547715792112e+01
6.000000000000000000e+01
6.052989769081139571e+01
6.115062002318247636e+01
6.182137146072096812e+01
6.250453604846178024e+01
8.120615137017462359e+01
6.000000000000000000e+01
6.001552363074542740e+01
6.050789493443491551e+01
6.100685383058235089e+01
6.150858295816321686e+01
6.200978063255303141e+01
6.250821474128759547e+01
6.300229599493584942e+01
6.349082936011329537e+01
6.397286822558474739e+01
6.444762890600918581e+01
6.491444057403471390e+01
6.537271597186693839e+01
6.582193427962540966e+01
6.626163106229087418e+01
6.669139230434618071e+01
6.711085077147444622e+01
6.754294644264273018e+01
6.796034205071040901e+01
6.838574108029820309e+01
6.879592016830127932e+01
6.919120023009277531e+01
6.959193322299270790e+01
6.997742439038140105e+01
7.034810885925266177e+01
7.072221292717364349e+01
7.108143634481979234e+01
7.142629761375076214e+01
7.177303847861125519e+01
7.210557079123310587e+01
7.242446231926217592e+01
7.273020410747849951e+01
7.302328596356724688e+01
7.331687131093821108e+01
7.359054334592271118e+01
7.384594365303554753e+01
7.407498233314534275e+01
7.429095169783238362e+01
7.449556248244908829e+01
7.469000250016523523e+01
7.487593920554968463e+01
7.504614989017599669e+01
7.521034220309380203e+01
7.536976539089448579e+01
7.551493769568757841e+01
7.565095300035665105e+01
7.577815984358173296e+01
7.589096855649306406e+01
7.599608350264962553e+01
7.609382406720153824e+01
7.617974177039556594e+01
7.625931175285387553e+01
7.633281075972510621e+01
7.639677019434441263e+01
7.645558819986642618e+01
