6.000000000000000000e+01
6.000000000000000000e+01
6.000000000000000000e+01
6.000000000000000000e+01
6.000000000000000000e+01
6.000000000000000000e+01
6.000000000000000000e+01
6.000000000000000000e+01
6.000000000000000000e+01
6.000000000000000000e+01
6.000000000000000000e+01
6.000000000000000000e+01
6.000000000000000000e+01
6.000000000000000000e+01
6.000000000000000000e+01
6.000000000000000000e+01
6.000054299998936358e+01
6.002170880907250705e+01
6.006684145694488564e+01
6.010196894656898792e+01
6.014274743583877125e+01
6.018802158955128334e+01
6.023728105317196224e+01
6.029252525969210552e+01
6.035435180066133398e+01
6.042269930079371676e+01
6.049714798354365541e+01
6.057720592956237482e+01
6.066236873831008580e+01
6.075215110105034455e+01
6.084609510780519059e+01
6.094376982606757309e+01
6.104476838899973501e+01
6.114870496671048272e+01
6.125521233542225019e+01
6.132767610008811943e+01
6.140135188506739183e+01
6.147601419508508513e+01
6.155146263968111953e+01
6.162750513378413331e+01
6.170395831637521411e+01
6.178064780373709652e+01
6.185740827512289997e+01
6.193408176720883063e+01
6.201052188277069632e+01
6.208659042463965250e+01
6.216215783418258667e+01
6.223710090503370651e+01
6.231130837954149371e+01
6.238467579534087548e+01
6.245710659765396855e+01
6.252851188489031387e+01
6.259880951308844743e+01
6.266792551315390369e+01
6.273579278648472979e+01
6.280235101321530777e+01
6.286754782911813066e+01
6.293133352717638473e+01
6.299366649772493787e+01
6.305451090955819637e+01
6.311383662981321407e+01
6.317161762054804086e+01
6.322783362027352183e+01
6.328245997868538808e+01
6.333549498952925205e+01
6.338693169441978625e+01
6.343676715043895342e+01
6.348497750860614985e+01
6.353159347133887280e+01
6.357662222515214978e+01
6.362007405830996021e+01
6.366196202738991872e+01
6.370230174532576939e+01
6.374111118706979795e+01
6.377841049933838491e+01
6.381422181511199909e+01
6.384856907389359293e+01
6.388147784836307608e+01
6.391297517780854065e+01
6.394308940854715928e+01
6.397185004143818077e+01
6.399928758651545024e+01
6.402543343268375509e+01
6.405031322082506051e+01
6.407396729053954232e+01
6.409642876255472288e+01
6.411773115977713644e+01
6.413790829782782055e+01
6.415699418451326608e+01
6.417502237359416029e+01
6.419202751201235913e+01
6.420804371681347789e+01
6.422310494318926999e+01
6.423724493087891574e+01
6.425048775551783820e+01
6.425659128271185239e+01
6.426214568294739138e+01
6.426712396883939959e+01
6.427148785212622784e+01
6.427522463388056906e+01
